0.7,3.8,-0.2975776
0.8,3.8,-0.262732
0.9,3.8,-0.228821
1.0,3.8,-0.1957482
1.1,3.8,-0.1633314
1.2,3.8,-0.1318551
1.3,3.8,-0.1016087
1.4,3.8,-0.07298496
1.5,3.8,-0.04604896
1.6,3.8,-0.02142667
1.7,3.8,0.0008365396
1.8,3.8,0.02044312
1.9,3.8,0.03716112
2.0,3.8,0.05073583
2.1,3.8,0.06089755
2.2,3.8,0.06739017
2.3,3.8,0.06972296
2.4,3.8,0.06779154
2.5,3.8,0.06116066
2.6,3.8,0.04975697
2.7,3.8,0.03373361
2.8,3.8,0.01282873
2.9,3.8,-0.01274745
3.0,3.8,-0.04337721
3.1,3.8,-0.07871528
3.2,3.8,-0.1187317
3.3,3.8,-0.1630018
3.4,3.8,-0.211466
3.5,3.8,-0.2636439
3.6,3.8,-0.3192073
3.7,3.8,-0.377451
3.8,3.8,-0.4376969
3.9,3.8,-0.4994551
4.0,3.8,-0.5619703
4.1,3.8,-0.6247416
4.2,3.8,-0.6873482
4.3,3.8,-0.749085
4.4,3.8,-0.8093469
4.5,3.8,-0.8675286
4.6,3.8,-0.9233693
4.7,3.8,-0.9761235
4.8,3.8,-1.025226
4.9,3.8,-1.069985
5.0,3.8,-1.110092
5.1,3.8,-1.144784
5.2,3.8,-1.17393
5.3,3.8,-1.197458
5.4,3.8,-1.215758
5.5,3.8,-1.228981
5.6,3.8,-1.23699
5.7,3.8,-1.240112
5.8,3.8,-1.23858
5.9,3.8,-1.232776
6.0,3.8,-1.223127
6.1,3.8,-1.209784
6.2,3.8,-1.19316
6.3,3.8,-1.173598
6.4,3.8,-1.151198
6.5,3.8,-1.1262
6.6,3.8,-1.098932
6.7,3.8,-1.069809
6.8,3.8,-1.039007
6.9,3.8,-1.007017
7.0,3.8,-0.9740092
7.1,3.8,-0.940228
7.2,3.8,-0.9054742
7.3,3.8,-0.8696252
    
0.7,3.9,-0.2537183
0.8,3.9,-0.2194855
0.9,3.9,-0.1861909
1.0,3.9,-0.1537372
1.1,3.9,-0.1219373
1.2,3.9,-0.09109451
1.3,3.9,-0.06147246
1.4,3.9,-0.03350797
1.5,3.9,-0.007239139
1.6,3.9,0.01673675
1.7,3.9,0.03831351
1.8,3.9,0.05721698
1.9,3.9,0.07322727
2.0,3.9,0.08608437
2.1,3.9,0.0955175
2.2,3.9,0.1012482
2.3,3.9,0.1027772
2.4,3.9,0.1000662
2.5,3.9,0.09258997
2.6,3.9,0.08028148
2.7,3.9,0.06338466
2.8,3.9,0.04158399
2.9,3.9,0.01508235
3.0,3.9,-0.01639628
3.1,3.9,-0.05255521
3.2,3.9,-0.09345505
3.3,3.9,-0.1385912
3.4,3.9,-0.1877288
3.5,3.9,-0.2406512
3.6,3.9,-0.2969211
3.7,3.9,-0.3556875
3.8,3.9,-0.4165369
3.9,3.9,-0.4787199
4.0,3.9,-0.5417823
4.1,3.9,-0.60502
4.2,3.9,-0.6680628
4.3,3.9,-0.7301726
4.4,3.9,-0.7907843
4.5,3.9,-0.8493164
4.6,3.9,-0.9053472
4.7,3.9,-0.9583565
4.8,3.9,-1.007728
4.9,3.9,-1.052831
5.0,3.9,-1.09308
5.1,3.9,-1.128167
5.2,3.9,-1.157645
5.3,3.9,-1.181609
5.4,3.9,-1.200123
5.5,3.9,-1.213575
5.6,3.9,-1.222095
5.7,3.9,-1.225646
5.8,3.9,-1.224498
5.9,3.9,-1.219273
6.0,3.9,-1.210049
6.1,3.9,-1.197263
6.2,3.9,-1.181229
6.3,3.9,-1.162245
6.4,3.9,-1.140453
6.5,3.9,-1.116136
6.6,3.9,-1.08962
6.7,3.9,-1.061148
6.8,3.9,-1.031039
6.9,3.9,-0.9996314
7.0,3.9,-0.9673276
7.1,3.9,-0.9342196
7.2,3.9,-0.9002191
7.3,3.9,-0.8650261
    
0.7,4.0,-0.2110986
0.8,4.0,-0.1774075
0.9,4.0,-0.1446592
1.0,4.0,-0.1127558
1.1,4.0,-0.0815096
1.2,4.0,-0.05123066
1.3,4.0,-0.02216988
1.4,4.0,0.005199561
1.5,4.0,0.03085832
1.6,4.0,0.05425316
1.7,4.0,0.07520071
1.8,4.0,0.0934565
1.9,4.0,0.1088139
2.0,4.0,0.1210069
2.1,4.0,0.1297635
2.2,4.0,0.1347357
2.3,4.0,0.1355521
2.4,4.0,0.1320838
2.5,4.0,0.1237901
2.6,4.0,0.1106618
2.7,4.0,0.09288586
2.8,4.0,0.07028554
2.9,4.0,0.04288705
3.0,4.0,0.0105837
3.1,4.0,-0.02643066
3.2,4.0,-0.06812687
3.3,4.0,-0.1140185
3.4,4.0,-0.1638995
3.5,4.0,-0.217517
3.6,4.0,-0.2743567
3.7,4.0,-0.3336894
3.8,4.0,-0.3951131
3.9,4.0,-0.4578319
4.0,4.0,-0.521266
4.1,4.0,-0.5849676
4.2,4.0,-0.6483493
4.3,4.0,-0.7108252
4.4,4.0,-0.7717223
4.5,4.0,-0.8306109
4.6,4.0,-0.8868648
4.7,4.0,-0.9401113
4.8,4.0,-0.9896674
4.9,4.0,-1.035024
5.0,4.0,-1.075491
5.1,4.0,-1.11088
5.2,4.0,-1.140529
5.3,4.0,-1.164748
5.4,4.0,-1.183523
5.5,4.0,-1.197286
5.6,4.0,-1.206119
5.7,4.0,-1.210083
5.8,4.0,-1.209323
5.9,4.0,-1.204519
6.0,4.0,-1.195811
6.1,4.0,-1.183512
6.2,4.0,-1.167992
6.3,4.0,-1.149531
6.4,4.0,-1.128304
6.5,4.0,-1.104573
6.6,4.0,-1.07867
6.7,4.0,-1.050751
6.8,4.0,-1.021316
6.9,4.0,-0.9905249
7.0,4.0,-0.9589071
7.1,4.0,-0.9264573
7.2,4.0,-0.893058
7.3,4.0,-0.858522
    
0.7,4.1,-0.1702097
0.8,4.1,-0.1369784
0.9,4.1,-0.1046963
1.0,4.1,-0.07326405
1.1,4.1,-0.04249742
1.2,4.1,-0.01270172
1.3,4.1,0.01584873
1.4,4.1,0.04272366
1.5,4.1,0.06784206
1.6,4.1,0.09072719
1.7,4.1,0.1111072
1.8,4.1,0.1288098
1.9,4.1,0.143584
2.0,4.1,0.1551981
2.1,4.1,0.1632582
2.2,4.1,0.1675105
2.3,4.1,0.1677468
2.4,4.1,0.163416
2.5,4.1,0.1544038
2.6,4.1,0.1405536
2.7,4.1,0.1219376
2.8,4.1,0.09858702
2.9,4.1,0.07032566
3.0,4.1,0.03723876
3.1,4.1,-0.0006212213
3.2,4.1,-0.04305307
3.3,4.1,-0.08966064
3.4,4.1,-0.1402926
3.5,4.1,-0.1945398
3.6,4.1,-0.2519216
3.7,4.1,-0.3118741
3.8,4.1,-0.3736288
3.9,4.1,-0.4368494
4.0,4.1,-0.5006989
4.1,4.1,-0.5647741
4.2,4.1,-0.6285069
4.3,4.1,-0.6912867
4.4,4.1,-0.7524572
4.5,4.1,-0.8115968
4.6,4.1,-0.8680643
4.7,4.1,-0.9215034
4.8,4.1,-0.9712336
4.9,4.1,-1.016753
5.0,4.1,-1.057388
5.1,4.1,-1.092942
5.2,4.1,-1.122743
5.3,4.1,-1.14713
5.4,4.1,-1.166157
5.5,4.1,-1.180131
5.6,4.1,-1.189276
5.7,4.1,-1.193482
5.8,4.1,-1.193189
5.9,4.1,-1.188677
6.0,4.1,-1.180413
6.1,4.1,-1.168641
6.2,4.1,-1.153592
6.3,4.1,-1.135551
6.4,4.1,-1.114856
6.5,4.1,-1.091698
6.6,4.1,-1.066213
6.7,4.1,-1.038902
6.8,4.1,-1.009991
6.9,4.1,-0.9798847
7.0,4.1,-0.9487833
7.1,4.1,-0.9169083
7.2,4.1,-0.8841288
7.3,4.1,-0.8502037
    
0.7,4.2,-0.1315177
0.8,4.2,-0.09865635
0.9,4.2,-0.06675183
1.0,4.2,-0.03570344
1.1,4.2,-0.005331283
1.2,4.2,0.0240644
1.3,4.2,0.05218123
1.4,4.2,0.07864198
1.5,4.2,0.1032932
1.6,4.2,0.1257492
1.7,4.2,0.1456361
1.8,4.2,0.1628382
1.9,4.2,0.1770832
2.0,4.2,0.1881123
2.1,4.2,0.1955623
2.2,4.2,0.1992364
2.3,4.2,0.1988602
2.4,4.2,0.1938565
2.5,4.2,0.1841941
2.6,4.2,0.1695519
2.7,4.2,0.1502563
2.8,4.2,0.126041
2.9,4.2,0.09709242
3.0,4.2,0.06319668
3.1,4.2,0.02464972
3.2,4.2,-0.01854347
3.3,4.2,-0.06591225
3.4,4.2,-0.1171607
3.5,4.2,-0.1719691
3.6,4.2,-0.2299459
3.7,4.2,-0.2903317
3.8,4.2,-0.3526019
3.9,4.2,-0.4161188
4.0,4.2,-0.4803547
4.1,4.2,-0.5447362
4.2,4.2,-0.6087922
4.3,4.2,-0.6718142
4.4,4.2,-0.7332161
4.5,4.2,-0.792526
4.6,4.2,-0.8491608
4.7,4.2,-0.9027303
4.8,4.2,-0.9525729
4.9,4.2,-0.9981955
5.0,4.2,-1.038923
5.1,4.2,-1.074577
5.2,4.2,-1.10449
5.3,4.2,-1.129004
5.4,4.2,-1.148175
5.5,4.2,-1.162328
5.6,4.2,-1.17167
5.7,4.2,-1.17613
5.8,4.2,-1.176136
5.9,4.2,-1.171928
6.0,4.2,-1.163997
6.1,4.2,-1.152587
6.2,4.2,-1.137957
6.3,4.2,-1.120354
6.4,4.2,-1.100112
6.5,4.2,-1.077362
6.6,4.2,-1.052387
6.7,4.2,-1.025612
6.8,4.2,-0.9971742
6.9,4.2,-0.9675556
7.0,4.2,-0.9369876
7.1,4.2,-0.9056081
7.2,4.2,-0.873399
7.3,4.2,-0.8400767
    
0.7,4.3,-0.09545172
0.8,4.3,-0.06286463
0.9,4.3,-0.03124322
1.0,4.3,-0.000485423
1.1,4.3,0.02958315
1.2,4.3,0.05866923
1.3,4.3,0.08643768
1.4,4.3,0.1125724
1.5,4.3,0.1368369
1.6,4.3,0.1589286
1.7,4.3,0.17842
1.8,4.3,0.1951987
1.9,4.3,0.2089773
2.0,4.3,0.2194788
2.1,4.3,0.2264434
2.2,4.3,0.2296129
2.3,4.3,0.2286044
2.4,4.3,0.2230436
2.5,4.3,0.2126955
2.6,4.3,0.1974024
2.7,4.3,0.1773494
2.8,4.3,0.1524912
2.9,4.3,0.1227638
3.0,4.3,0.08819152
3.1,4.3,0.04890179
3.2,4.3,0.00507705
3.3,4.3,-0.04297192
3.4,4.3,-0.09485035
3.5,4.3,-0.1502167
3.6,4.3,-0.2085482
3.7,4.3,-0.2694648
3.8,4.3,-0.332029
3.9,4.3,-0.3959514
4.0,4.3,-0.460461
4.1,4.3,-0.5251114
4.2,4.3,-0.5893615
4.3,4.3,-0.6526214
4.4,4.3,-0.7142572
4.5,4.3,-0.7737539
4.6,4.3,-0.8304799
4.7,4.3,-0.8840315
4.8,4.3,-0.9339923
4.9,4.3,-0.9795081
5.0,4.3,-1.020373
5.1,4.3,-1.055893
5.2,4.3,-1.085949
5.3,4.3,-1.110538
5.4,4.3,-1.129745
5.5,4.3,-1.144027
5.6,4.3,-1.153456
5.7,4.3,-1.158142
5.8,4.3,-1.158283
5.9,4.3,-1.154349
6.0,4.3,-1.146708
6.1,4.3,-1.135605
6.2,4.3,-1.121253
6.3,4.3,-1.103981
6.4,4.3,-1.084095
6.5,4.3,-1.06178
6.6,4.3,-1.037184
6.7,4.3,-1.010803
6.8,4.3,-0.9828239
6.9,4.3,-0.9536695
7.0,4.3,-0.9235604
7.1,4.3,-0.8926585
7.2,4.3,-0.8609279
7.3,4.3,-0.828061
    
0.7,4.4,-0.06246055
0.8,4.4,-0.03004331
0.9,4.4,0.00139782
1.0,4.4,0.03196666
1.1,4.4,0.06183085
1.2,4.4,0.09070616
1.3,4.4,0.1182192
1.4,4.4,0.1441237
1.5,4.4,0.1680882
1.6,4.4,0.1898592
1.7,4.4,0.2090858
1.8,4.4,0.2254444
1.9,4.4,0.2388333
2.0,4.4,0.2489335
2.1,4.4,0.2554791
2.2,4.4,0.2582134
2.3,4.4,0.2566327
2.4,4.4,0.2505979
2.5,4.4,0.2396517
2.6,4.4,0.2237123
2.7,4.4,0.2030387
2.8,4.4,0.1774955
2.9,4.4,0.1471133
3.0,4.4,0.1118496
3.1,4.4,0.07194651
3.2,4.4,0.02741374
3.3,4.4,-0.02120508
3.4,4.4,-0.07362877
3.5,4.4,-0.1294989
3.6,4.4,-0.1883591
3.7,4.4,-0.2496181
3.8,4.4,-0.312539
3.9,4.4,-0.3767668
4.0,4.4,-0.4415469
4.1,4.4,-0.5063931
4.2,4.4,-0.5707954
4.3,4.4,-0.6341012
4.4,4.4,-0.6957476
4.5,4.4,-0.7553588
4.6,4.4,-0.8121704
4.7,4.4,-0.8657659
4.8,4.4,-0.9156416
4.9,4.4,-0.9611139
5.0,4.4,-1.001832
5.1,4.4,-1.037358
5.2,4.4,-1.067392
5.3,4.4,-1.091808
5.4,4.4,-1.111114
5.5,4.4,-1.12538
5.6,4.4,-1.134811
5.7,4.4,-1.139611
5.8,4.4,-1.139903
5.9,4.4,-1.136091
6.0,4.4,-1.128608
6.1,4.4,-1.117697
6.2,4.4,-1.103614
6.3,4.4,-1.086642
6.4,4.4,-1.067044
6.5,4.4,-1.04492
6.6,4.4,-1.020672
6.7,4.4,-0.9946767
6.8,4.4,-0.9669942
6.9,4.4,-0.9381805
7.0,4.4,-0.9085128
7.1,4.4,-0.8780455
7.2,4.4,-0.8466457
7.3,4.4,-0.8141919
    
0.7,4.5,-0.0331782
0.8,4.5,-0.0008153657
0.9,4.5,0.03055959
1.0,4.5,0.06105233
1.1,4.5,0.09082202
1.2,4.5,0.1195961
1.3,4.5,0.1469565
1.4,4.5,0.1727371
1.5,4.5,0.1964979
1.6,4.5,0.2180414
1.7,4.5,0.2370244
1.8,4.5,0.2531259
1.9,4.5,0.2662576
2.0,4.5,0.2760854
2.1,4.5,0.2823279
2.2,4.5,0.2846679
2.3,4.5,0.2826041
2.4,4.5,0.2759838
2.5,4.5,0.264471
2.6,4.5,0.2479852
2.7,4.5,0.2267753
2.8,4.5,0.2005755
2.9,4.5,0.1696288
3.0,4.5,0.1337392
3.1,4.5,0.09314647
3.2,4.5,0.04808687
3.3,4.5,-0.001047023
3.4,4.5,-0.05396532
3.5,4.5,-0.1102964
3.6,4.5,-0.1695647
3.7,4.5,-0.2311179
3.8,4.5,-0.2943988
3.9,4.5,-0.3588426
4.0,4.5,-0.423796
4.1,4.5,-0.4887814
4.2,4.5,-0.5532637
4.3,4.5,-0.616588
4.4,4.5,-0.6783092
4.5,4.5,-0.7377905
4.6,4.5,-0.7946127
4.7,4.5,-0.8480854
4.8,4.5,-0.8977541
4.9,4.5,-0.9431989
5.0,4.5,-0.9837306
5.1,4.5,-1.019143
5.2,4.5,-1.04901
5.3,4.5,-1.073275
5.4,4.5,-1.092445
5.5,4.5,-1.106654
5.6,4.5,-1.116003
5.7,4.5,-1.1208
5.8,4.5,-1.121081
5.9,4.5,-1.117329
6.0,4.5,-1.10993
6.1,4.5,-1.099127
6.2,4.5,-1.085176
6.3,4.5,-1.068362
6.4,4.5,-1.048941
6.5,4.5,-1.027025
6.6,4.5,-1.003012
6.7,4.5,-0.977276
6.8,4.5,-0.9498458
6.9,4.5,-0.9212975
7.0,4.5,-0.8919232
7.1,4.5,-0.8617544
7.2,4.5,-0.8306814
7.3,4.5,-0.79854
    
0.7,4.6,-0.008232579
0.8,4.6,0.02422278
0.9,4.6,0.05567038
1.0,4.6,0.08620013
1.1,4.6,0.1159492
1.2,4.6,0.1446955
1.3,4.6,0.1720493
1.4,4.6,0.1978428
1.5,4.6,0.2214873
1.6,4.6,0.2428747
1.7,4.6,0.2616926
1.8,4.6,0.277665
1.9,4.6,0.2905777
2.0,4.6,0.3001926
2.1,4.6,0.3060631
2.2,4.6,0.3080066
2.3,4.6,0.3057284
2.4,4.6,0.2986812
2.5,4.6,0.2866936
2.6,4.6,0.2698277
2.7,4.6,0.247939
2.8,4.6,0.2212717
2.9,4.6,0.1897139
3.0,4.6,0.1532807
3.1,4.6,0.1121754
3.2,4.6,0.06666178
3.3,4.6,0.01696621
3.4,4.6,-0.03643754
3.5,4.6,-0.09315703
3.6,4.6,-0.1526898
3.7,4.6,-0.214479
3.8,4.6,-0.2780263
3.9,4.6,-0.3425823
4.0,4.6,-0.4076036
4.1,4.6,-0.4726716
4.2,4.6,-0.5371792
4.3,4.6,-0.6005345
4.4,4.6,-0.6621588
4.5,4.6,-0.7214843
4.6,4.6,-0.7781555
4.7,4.6,-0.8314468
4.8,4.6,-0.8808907
4.9,4.6,-0.9260615
5.0,4.6,-0.9663812
5.1,4.6,-1.001407
5.2,4.6,-1.031084
5.3,4.6,-1.055087
5.4,4.6,-1.074047
5.5,4.6,-1.088007
5.6,4.6,-1.097217
5.7,4.6,-1.101836
5.8,4.6,-1.102093
5.9,4.6,-1.098248
6.0,4.6,-1.090794
6.1,4.6,-1.079971
6.2,4.6,-1.066035
6.3,4.6,-1.04931
6.4,4.6,-1.029901
6.5,4.6,-1.008107
6.6,4.6,-0.9842545
6.7,4.6,-0.9585736
6.8,4.6,-0.9313863
6.9,4.6,-0.9029747
7.0,4.6,-0.8738027
7.1,4.6,-0.8438356
7.2,4.6,-0.812956
7.3,4.6,-0.7810385
    
0.7,4.7,0.01174285
0.8,4.7,0.04439508
0.9,4.7,0.07602536
1.0,4.7,0.1067258
1.1,4.7,0.1366364
1.2,4.7,0.165474
1.3,4.7,0.1929529
1.4,4.7,0.2187808
1.5,4.7,0.2425179
1.6,4.7,0.2638857
1.7,4.7,0.2826501
1.8,4.7,0.298559
1.9,4.7,0.3113716
2.0,4.7,0.3208137
2.1,4.7,0.3266046
2.2,4.7,0.3283214
2.3,4.7,0.3256521
2.4,4.7,0.3182436
2.5,4.7,0.3059095
2.6,4.7,0.2884625
2.7,4.7,0.2662206
2.8,4.7,0.2390349
2.9,4.7,0.2069903
3.0,4.7,0.1700496
3.1,4.7,0.128518
3.2,4.7,0.08245949
3.3,4.7,0.03240104
3.4,4.7,-0.02134881
3.5,4.7,-0.07839178
3.6,4.7,-0.1382166
3.7,4.7,-0.2001753
3.8,4.7,-0.2638794
3.9,4.7,-0.3284992
4.0,4.7,-0.3935285
4.1,4.7,-0.4585987
4.2,4.7,-0.5230146
4.3,4.7,-0.5861834
4.4,4.7,-0.6476299
4.5,4.7,-0.7067576
4.6,4.7,-0.7631321
4.7,4.7,-0.8161189
4.8,4.7,-0.8652607
4.9,4.7,-0.9100295
5.0,4.7,-0.9499984
5.1,4.7,-0.9846335
5.2,4.7,-1.013862
5.3,4.7,-1.037537
5.4,4.7,-1.05608
5.5,4.7,-1.06981
5.6,4.7,-1.078645
5.7,4.7,-1.083057
5.8,4.7,-1.082983
5.9,4.7,-1.07899
6.0,4.7,-1.071404
6.1,4.7,-1.060464
6.2,4.7,-1.046428
6.3,4.7,-1.029593
6.4,4.7,-1.010163
6.5,4.7,-0.9883113
6.6,4.7,-0.9644183
6.7,4.7,-0.9387959
6.8,4.7,-0.9116013
6.9,4.7,-0.8832679
7.0,4.7,-0.8541502
7.1,4.7,-0.8242701
7.2,4.7,-0.7934895
7.3,4.7,-0.7616874
    
0.6,4.8,-0.007884953
0.7,4.8,0.02622322
0.8,4.8,0.05920456
0.9,4.8,0.09114908
1.0,4.8,0.122151
1.1,4.8,0.1523296
1.2,4.8,0.1814028
1.3,4.8,0.2091302
1.4,4.8,0.2351041
1.5,4.8,0.2590554
1.6,4.8,0.2805148
1.7,4.8,0.2993385
1.8,4.8,0.3152433
1.9,4.8,0.3280527
2.0,4.8,0.3374612
2.1,4.8,0.3431625
2.2,4.8,0.3446496
2.3,4.8,0.3418634
2.4,4.8,0.3341917
2.5,4.8,0.321378
2.6,4.8,0.303667
2.7,4.8,0.2810307
2.8,4.8,0.2534174
2.9,4.8,0.2210306
3.0,4.8,0.1836413
3.1,4.8,0.1415812
3.2,4.8,0.09523238
3.3,4.8,0.04489701
3.4,4.8,-0.009114417
3.5,4.8,-0.06640036
3.6,4.8,-0.1264436
3.7,4.8,-0.1885834
3.8,4.8,-0.2523028
3.9,4.8,-0.3168765
4.0,4.8,-0.3818876
4.1,4.8,-0.4467315
4.2,4.8,-0.5109965
4.3,4.8,-0.5739704
4.4,4.8,-0.6351267
4.5,4.8,-0.6938773
4.6,4.8,-0.7498793
4.7,4.8,-0.8024267
4.8,4.8,-0.8510673
4.9,4.8,-0.8953881
5.0,4.8,-0.9347344
5.1,4.8,-0.9688681
5.2,4.8,-0.9976135
5.3,4.8,-1.020719
5.4,4.8,-1.0388
5.5,4.8,-1.052
5.6,4.8,-1.060447
5.7,4.8,-1.064423
5.8,4.8,-1.064079
5.9,4.8,-1.059728
6.0,4.8,-1.051823
6.1,4.8,-1.040605
6.2,4.8,-1.026325
6.3,4.8,-1.009304
6.4,4.8,-0.989659
6.5,4.8,-0.9677081
6.6,4.8,-0.9437662
6.7,4.8,-0.9179481
6.8,4.8,-0.8907783
6.9,4.8,-0.8623102
7.0,4.8,-0.8330828
7.1,4.8,-0.803101
7.2,4.8,-0.7723318
7.3,4.8,-0.7405804
    
0.6,4.9,0.0005176518
0.7,4.9,0.03508611
0.8,4.9,0.06851127
0.9,4.9,0.1008851
1.0,4.9,0.132304
1.1,4.9,0.1628524
1.2,4.9,0.1922835
1.3,4.9,0.2203699
1.4,4.9,0.2465923
1.5,4.9,0.2707922
1.6,4.9,0.2925231
1.7,4.9,0.3115129
1.8,4.9,0.3275163
1.9,4.9,0.3403567
2.0,4.9,0.3497374
2.1,4.9,0.3553929
2.2,4.9,0.3568375
2.3,4.9,0.3538934
2.4,4.9,0.346057
2.5,4.9,0.3331189
2.6,4.9,0.3151193
2.7,4.9,0.2921526
2.8,4.9,0.2641716
2.9,4.9,0.2314285
3.0,4.9,0.1936232
3.1,4.9,0.1513609
3.2,4.9,0.1046385
3.3,4.9,0.05397258
3.4,4.9,-0.0002816644
3.5,4.9,-0.05769897
3.6,4.9,-0.1177355
3.7,4.9,-0.1798773
3.8,4.9,-0.2434309
3.9,4.9,-0.3079521
4.0,4.9,-0.3727178
4.1,4.9,-0.437364
4.2,4.9,-0.5012611
4.3,4.9,-0.5638334
4.4,4.9,-0.6245088
4.5,4.9,-0.6829741
4.6,4.9,-0.7384463
4.7,4.9,-0.790377
4.8,4.9,-0.8383864
4.9,4.9,-0.8820651
5.0,4.9,-0.9206985
5.1,4.9,-0.9542381
5.2,4.9,-0.9822289
5.3,4.9,-1.00474
5.4,4.9,-1.022157
5.5,4.9,-1.034809
5.6,4.9,-1.042645
5.7,4.9,-1.046124
5.8,4.9,-1.04523
5.9,4.9,-1.040446
6.0,4.9,-1.03213
6.1,4.9,-1.020522
6.2,4.9,-1.005876
6.3,4.9,-0.9885133
6.4,4.9,-0.9685452
6.5,4.9,-0.9462857
6.6,4.9,-0.9220591
6.7,4.9,-0.895992
6.8,4.9,-0.8686025
6.9,4.9,-0.8399496
7.0,4.9,-0.8105871
7.1,4.9,-0.780481
7.2,4.9,-0.7495198
7.3,4.9,-0.7175382
    
0.6,5.0,0.003358958
0.7,5.0,0.03849433
0.8,5.0,0.07247009
0.9,5.0,0.1053801
1.0,5.0,0.1373109
1.1,5.0,0.1683446
1.2,5.0,0.1982406
1.3,5.0,0.2267938
1.4,5.0,0.2533676
1.5,5.0,0.2778822
1.6,5.0,0.2999429
1.7,5.0,0.3192238
1.8,5.0,0.3353991
1.9,5.0,0.3484551
2.0,5.0,0.3580231
2.1,5.0,0.3637315
2.2,5.0,0.3651756
2.3,5.0,0.362177
2.4,5.0,0.3541803
2.5,5.0,0.3409658
2.6,5.0,0.3227684
2.7,5.0,0.2995545
2.8,5.0,0.2713348
2.9,5.0,0.238301
3.0,5.0,0.2002592
3.1,5.0,0.1576159
3.2,5.0,0.1107852
3.3,5.0,0.05998265
3.4,5.0,0.005582849
3.5,5.0,-0.05185382
3.6,5.0,-0.1119619
3.7,5.0,-0.1739646
3.8,5.0,-0.2373991
3.9,5.0,-0.301616
4.0,5.0,-0.3660637
4.1,5.0,-0.4303387
4.2,5.0,-0.4937907
4.3,5.0,-0.5558557
4.4,5.0,-0.6159912
4.5,5.0,-0.6737894
4.6,5.0,-0.728583
4.7,5.0,-0.7798327
4.8,5.0,-0.8271382
4.9,5.0,-0.8700721
5.0,5.0,-0.9079016
5.1,5.0,-0.9406051
5.2,5.0,-0.9677863
5.3,5.0,-0.9895594
5.4,5.0,-1.006188
5.5,5.0,-1.018111
5.6,5.0,-1.02525
5.7,5.0,-1.02807
5.8,5.0,-1.026539
5.9,5.0,-1.021182
6.0,5.0,-1.01232
6.1,5.0,-1.000192
6.2,5.0,-0.9850504
6.3,5.0,-0.9672185
6.4,5.0,-0.9468071
6.5,5.0,-0.9241381
6.6,5.0,-0.8995349
6.7,5.0,-0.8730931
6.8,5.0,-0.8453506
6.9,5.0,-0.8163932
7.0,5.0,-0.7866985
7.1,5.0,-0.7562776
7.2,5.0,-0.7250608
7.3,5.0,-0.6928107
    
0.6,5.1,0.0007297644
0.7,5.1,0.0365381
0.8,5.1,0.07117023
0.9,5.1,0.104722
1.0,5.1,0.1372233
1.1,5.1,0.16889
1.2,5.1,0.1993538
1.3,5.1,0.2284388
1.4,5.1,0.2554972
1.5,5.1,0.2804204
1.6,5.1,0.3028514
1.7,5.1,0.3224904
1.8,5.1,0.3389961
1.9,5.1,0.3523226
2.0,5.1,0.3621073
2.1,5.1,0.3678502
2.2,5.1,0.3694536
2.3,5.1,0.3663901
2.4,5.1,0.358322
2.5,5.1,0.3450957
2.6,5.1,0.3266657
2.7,5.1,0.3033056
2.8,5.1,0.2749103
2.9,5.1,0.2415808
3.0,5.1,0.2033861
3.1,5.1,0.1605843
3.2,5.1,0.1136227
3.3,5.1,0.06270275
3.4,5.1,0.00828482
3.5,5.1,-0.0490924
3.6,5.1,-0.1090712
3.7,5.1,-0.1708513
3.8,5.1,-0.2338987
3.9,5.1,-0.2977914
4.0,5.1,-0.3618729
4.1,5.1,-0.425638
4.2,5.1,-0.4885196
4.3,5.1,-0.5499862
4.4,5.1,-0.6094731
4.5,5.1,-0.6665191
4.6,5.1,-0.7205242
4.7,5.1,-0.7709561
4.8,5.1,-0.8174187
4.9,5.1,-0.8593638
5.0,5.1,-0.8963026
5.1,5.1,-0.9281079
5.2,5.1,-0.9542807
5.3,5.1,-0.9751644
5.4,5.1,-0.9908751
5.5,5.1,-1.001914
5.6,5.1,-1.008247
5.7,5.1,-1.010278
5.8,5.1,-1.008023
5.9,5.1,-1.001977
6.0,5.1,-0.9924051
6.1,5.1,-0.9796131
6.2,5.1,-0.9638527
6.3,5.1,-0.9454558
6.4,5.1,-0.924462
6.5,5.1,-0.9012645
6.6,5.1,-0.8761684
6.7,5.1,-0.8492107
6.8,5.1,-0.8209762
6.9,5.1,-0.7916254
7.0,5.1,-0.7614773
7.1,5.1,-0.7306357
7.2,5.1,-0.6990053
7.3,5.1,-0.6663583
    
0.6,5.2,-0.007364114
0.7,5.2,0.02922705
0.8,5.2,0.0646242
0.9,5.2,0.09887822
1.0,5.2,0.1321003
1.1,5.2,0.1645102
1.2,5.2,0.1956474
1.3,5.2,0.2253014
1.4,5.2,0.2530094
1.5,5.2,0.278434
1.6,5.2,0.3013267
1.7,5.2,0.321417
1.8,5.2,0.338345
1.9,5.2,0.3520151
2.0,5.2,0.3619427
2.1,5.2,0.3679612
2.2,5.2,0.3697114
2.3,5.2,0.3667525
2.4,5.2,0.3586605
2.5,5.2,0.3453068
2.6,5.2,0.3269055
2.7,5.2,0.3034005
2.8,5.2,0.2748826
2.9,5.2,0.2414907
3.0,5.2,0.2030722
3.1,5.2,0.1602777
3.2,5.2,0.1131336
3.3,5.2,0.06218588
3.4,5.2,0.007843428
3.5,5.2,-0.04940545
3.6,5.2,-0.1090454
3.7,5.2,-0.1704948
3.8,5.2,-0.2331527
3.9,5.2,-0.2965705
4.0,5.2,-0.3600791
4.1,5.2,-0.4232709
4.2,5.2,-0.485511
4.3,5.2,-0.5461435
4.4,5.2,-0.6048809
4.5,5.2,-0.661085
4.6,5.2,-0.7141769
4.7,5.2,-0.7636403
4.8,5.2,-0.8090892
4.9,5.2,-0.8499914
5.0,5.2,-0.8858775
5.1,5.2,-0.9166114
5.2,5.2,-0.9416859
5.3,5.2,-0.9615417
5.4,5.2,-0.9762417
5.5,5.2,-0.9862704
5.6,5.2,-0.9916782
5.7,5.2,-0.99278
5.8,5.2,-0.9896244
5.9,5.2,-0.9827404
6.0,5.2,-0.9724077
6.1,5.2,-0.9588626
6.2,5.2,-0.9423569
6.3,5.2,-0.9232087
6.4,5.2,-0.9015365
6.5,5.2,-0.8776703
6.6,5.2,-0.8519184
6.7,5.2,-0.8243451
6.8,5.2,-0.7955052
6.9,5.2,-0.7656204
7.0,5.2,-0.7349147
7.1,5.2,-0.7035801
7.2,5.2,-0.671377
7.3,5.2,-0.6382057
    
0.6,5.3,-0.02091091
0.7,5.3,0.01657075
0.8,5.3,0.05284224
0.9,5.3,0.08788842
1.0,5.3,0.1219563
1.1,5.3,0.1552162
1.2,5.3,0.1871322
1.3,5.3,0.2174589
1.4,5.3,0.245916
1.5,5.3,0.2719395
1.6,5.3,0.2953883
1.7,5.3,0.3160094
1.8,5.3,0.3333986
1.9,5.3,0.347396
2.0,5.3,0.3577173
2.1,5.3,0.3640942
2.2,5.3,0.3659537
2.3,5.3,0.3631812
2.4,5.3,0.3550886
2.5,5.3,0.341826
2.6,5.3,0.3234427
2.7,5.3,0.2998797
2.8,5.3,0.2713926
2.9,5.3,0.2378406
3.0,5.3,0.199398
3.1,5.3,0.1565926
3.2,5.3,0.1094533
3.3,5.3,0.05858751
3.4,5.3,0.004408496
3.5,5.3,-0.05253449
3.6,5.3,-0.1118128
3.7,5.3,-0.1728175
3.8,5.3,-0.2349568
3.9,5.3,-0.2977419
4.0,5.3,-0.3605936
4.1,5.3,-0.4230435
4.2,5.3,-0.4845117
4.3,5.3,-0.5444881
4.4,5.3,-0.6022355
4.5,5.3,-0.6573992
4.6,5.3,-0.7093777
4.7,5.3,-0.7577313
4.8,5.3,-0.80204
4.9,5.3,-0.8417826
5.0,5.3,-0.8765074
5.1,5.3,-0.9060524
5.2,5.3,-0.9299856
5.3,5.3,-0.9485156
5.4,5.3,-0.9621536
5.5,5.3,-0.9710527
5.6,5.3,-0.9754025
5.7,5.3,-0.9754248
5.8,5.3,-0.9713577
5.9,5.3,-0.9635114
6.0,5.3,-0.9522544
6.1,5.3,-0.9378204
6.2,5.3,-0.9204599
6.3,5.3,-0.9004775
6.4,5.3,-0.8780095
6.5,5.3,-0.8533967
6.6,5.3,-0.8268054
6.7,5.3,-0.7985738
6.8,5.3,-0.7689847
6.9,5.3,-0.7384057
7.0,5.3,-0.7070755
7.1,5.3,-0.6750874
7.2,5.3,-0.6422444
7.3,5.3,-0.6084436
    
0.6,5.4,-0.03956738
0.7,5.4,-0.001082028
0.8,5.4,0.03615712
0.9,5.4,0.0721295
1.0,5.4,0.1071166
1.1,5.4,0.1412704
1.2,5.4,0.1740496
1.3,5.4,0.2052252
1.4,5.4,0.2344102
1.5,5.4,0.2611511
1.6,5.4,0.2852551
1.7,5.4,0.3064783
1.8,5.4,0.3244156
1.9,5.4,0.3388942
2.0,5.4,0.3496412
2.1,5.4,0.3563873
2.2,5.4,0.3585203
2.3,5.4,0.3559435
2.4,5.4,0.3480081
2.5,5.4,0.3348407
2.6,5.4,0.316491
2.7,5.4,0.2929551
2.8,5.4,0.2644863
2.9,5.4,0.2309542
3.0,5.4,0.1925457
3.1,5.4,0.1497141
3.2,5.4,0.102829
3.3,5.4,0.05216839
3.4,5.4,-0.001721789
3.5,5.4,-0.05837394
3.6,5.4,-0.1171903
3.7,5.4,-0.1775599
3.8,5.4,-0.2391273
3.9,5.4,-0.3012014
4.0,5.4,-0.3632852
4.1,5.4,-0.4248707
4.2,5.4,-0.4854568
4.3,5.4,-0.5444296
4.4,5.4,-0.6011231
4.5,5.4,-0.6551648
4.6,5.4,-0.7059627
4.7,5.4,-0.7530983
4.8,5.4,-0.7961432
4.9,5.4,-0.8346021
5.0,5.4,-0.8680043
5.1,5.4,-0.8961401
5.2,5.4,-0.9188053
5.3,5.4,-0.9360909
5.4,5.4,-0.9484539
5.5,5.4,-0.956163
5.6,5.4,-0.95931
5.7,5.4,-0.958212
5.8,5.4,-0.9530369
5.9,5.4,-0.9441438
6.0,5.4,-0.9318692
6.1,5.4,-0.9164469
6.2,5.4,-0.8981283
6.3,5.4,-0.877261
6.4,5.4,-0.8538564
6.5,5.4,-0.8283068
6.6,5.4,-0.8009481
6.7,5.4,-0.7718036
6.8,5.4,-0.7414563
6.9,5.4,-0.7101243
7.0,5.4,-0.678084
7.1,5.4,-0.6453037
7.2,5.4,-0.6117352
7.3,5.4,-0.5771959
    
0.6,5.5,-0.06288941
0.7,5.5,-0.02331541
0.8,5.5,0.01491672
0.9,5.5,0.051941
1.0,5.5,0.08797012
1.1,5.5,0.1231563
1.2,5.5,0.1569087
1.3,5.5,0.1889233
1.4,5.5,0.2189762
1.5,5.5,0.2465605
1.6,5.5,0.271385
1.7,5.5,0.2931696
1.8,5.5,0.3117312
1.9,5.5,0.3268054
2.0,5.5,0.3381096
2.1,5.5,0.3451517
2.2,5.5,0.3477467
2.3,5.5,0.3453446
2.4,5.5,0.3376445
2.5,5.5,0.3247263
2.6,5.5,0.3064504
2.7,5.5,0.2830766
2.8,5.5,0.2545349
2.9,5.5,0.2210555
3.0,5.5,0.182771
3.1,5.5,0.1400982
3.2,5.5,0.09333849
3.3,5.5,0.04304196
3.4,5.5,-0.01040334
3.5,5.5,-0.06650867
3.6,5.5,-0.1247469
3.7,5.5,-0.184632
3.8,5.5,-0.2454329
3.9,5.5,-0.3067103
4.0,5.5,-0.3678878
4.1,5.5,-0.4285183
4.2,5.5,-0.4879946
4.3,5.5,-0.5457482
4.4,5.5,-0.6013729
4.5,5.5,-0.6542151
4.6,5.5,-0.7038176
4.7,5.5,-0.7495958
4.8,5.5,-0.7911711
4.9,5.5,-0.8282042
5.0,5.5,-0.8602479
5.1,5.5,-0.88687
5.2,5.5,-0.9080734
5.3,5.5,-0.9239972
5.4,5.5,-0.9350775
5.5,5.5,-0.9413609
5.6,5.5,-0.9433327
5.7,5.5,-0.940958
5.8,5.5,-0.9346271
5.9,5.5,-0.9245822
6.0,5.5,-0.9111799
6.1,5.5,-0.8946715
6.2,5.5,-0.8753071
6.3,5.5,-0.8534027
6.4,5.5,-0.8289852
6.5,5.5,-0.8024895
6.6,5.5,-0.7741255
6.7,5.5,-0.7441191
6.8,5.5,-0.7128458
6.9,5.5,-0.6806338
7.0,5.5,-0.6477946
7.1,5.5,-0.614179
7.2,5.5,-0.5797649
7.3,5.5,-0.5443467
    
0.6,5.6,-0.09041424
0.7,5.6,-0.04965911
0.8,5.6,-0.01034727
0.9,5.6,0.02781935
1.0,5.6,0.06497889
1.1,5.6,0.1012365
1.2,5.6,0.1360698
1.3,5.6,0.1690279
1.4,5.6,0.1999557
1.5,5.6,0.2284305
1.6,5.6,0.2540876
1.7,5.6,0.2766375
1.8,5.6,0.2958642
1.9,5.6,0.3115402
2.0,5.6,0.3233805
2.1,5.6,0.3309432
2.2,5.6,0.3339189
2.3,5.6,0.3318734
2.4,5.6,0.3244674
2.5,5.6,0.3115941
2.6,5.6,0.2935047
2.7,5.6,0.2703602
2.8,5.6,0.2420255
2.9,5.6,0.2087339
3.0,5.6,0.1706535
3.1,5.6,0.1282475
3.2,5.6,0.08173906
3.3,5.6,0.03172384
3.4,5.6,-0.02129701
3.5,5.6,-0.07681184
3.6,5.6,-0.1343995
3.7,5.6,-0.1933624
3.8,5.6,-0.2533303
3.9,5.6,-0.3136983
4.0,5.6,-0.3739093
4.1,5.6,-0.43345
4.2,5.6,-0.4918633
4.3,5.6,-0.5484077
4.4,5.6,-0.6027168
4.5,5.6,-0.6541754
4.6,5.6,-0.7022843
4.7,5.6,-0.7466795
4.8,5.6,-0.7869059
4.9,5.6,-0.8223575
5.0,5.6,-0.8529036
5.1,5.6,-0.8780665
5.2,5.6,-0.8977233
5.3,5.6,-0.9121095
5.4,5.6,-0.9217302
5.5,5.6,-0.9266436
5.6,5.6,-0.9272336
5.7,5.6,-0.9235668
5.8,5.6,-0.9159041
5.9,5.6,-0.9046448
6.0,5.6,-0.8900659
6.1,5.6,-0.8723978
6.2,5.6,-0.8518906
6.3,5.6,-0.8288769
6.4,5.6,-0.8033877
6.5,5.6,-0.7758488
6.6,5.6,-0.7464582
6.7,5.6,-0.7154728
6.8,5.6,-0.6832176
6.9,5.6,-0.6500422
7.0,5.6,-0.6161763
7.1,5.6,-0.581656
7.2,5.6,-0.5462855
7.3,5.6,-0.5099927
    
0.6,5.7,-0.1216704
0.7,5.7,-0.07969986
0.8,5.7,-0.03918377
0.9,5.7,0.0002079702
1.0,5.7,0.03858091
1.1,5.7,0.07598842
1.2,5.7,0.1118821
1.3,5.7,0.1459631
1.4,5.7,0.1778391
1.5,5.7,0.2072152
1.6,5.7,0.2337292
1.7,5.7,0.2571371
1.8,5.7,0.2771046
1.9,5.7,0.2934639
2.0,5.7,0.3059294
2.1,5.7,0.3140034
2.2,5.7,0.3174716
2.3,5.7,0.3157775
2.4,5.7,0.3086773
2.5,5.7,0.2960655
2.6,5.7,0.2781983
2.7,5.7,0.2552566
2.8,5.7,0.2271442
2.9,5.7,0.1941525
3.0,5.7,0.156237
3.1,5.7,0.114122
3.2,5.7,0.06811055
3.3,5.7,0.01855744
3.4,5.7,-0.03395427
3.5,5.7,-0.08882063
3.6,5.7,-0.1456762
3.7,5.7,-0.2038268
3.8,5.7,-0.262846
3.9,5.7,-0.3221378
4.0,5.7,-0.381195
4.1,5.7,-0.4396116
4.2,5.7,-0.4967935
4.3,5.7,-0.5521341
4.4,5.7,-0.6050057
4.5,5.7,-0.6550144
4.6,5.7,-0.7016601
4.7,5.7,-0.7445523
4.8,5.7,-0.7831186
4.9,5.7,-0.8169606
5.0,5.7,-0.8458651
5.1,5.7,-0.8694275
5.2,5.7,-0.8874466
5.3,5.7,-0.900285
5.4,5.7,-0.9084043
5.5,5.7,-0.911795
5.6,5.7,-0.9109811
5.7,5.7,-0.9058769
5.8,5.7,-0.8969251
5.9,5.7,-0.8843387
6.0,5.7,-0.8684771
6.1,5.7,-0.8495686
6.2,5.7,-0.827862
6.3,5.7,-0.803658
6.4,5.7,-0.7769998
6.5,5.7,-0.7483615
6.6,5.7,-0.7178201
6.7,5.7,-0.6858212
6.8,5.7,-0.6524964
6.9,5.7,-0.6183067
7.0,5.7,-0.5835288
7.1,5.7,-0.5479786
7.2,5.7,-0.5116291
7.3,5.7,-0.4742944
    
0.6,5.8,-0.1562959
0.7,5.8,-0.1130686
0.8,5.8,-0.07123165
0.9,5.8,-0.03053334
1.0,5.8,0.009134167
1.1,5.8,0.04776921
1.2,5.8,0.08479716
1.3,5.8,0.1200834
1.4,5.8,0.1529781
1.5,5.8,0.1833234
1.6,5.8,0.2107589
1.7,5.8,0.2349812
1.8,5.8,0.2557854
1.9,5.8,0.2729362
2.0,5.8,0.2860189
2.1,5.8,0.2946745
2.2,5.8,0.2986218
2.3,5.8,0.2973828
2.4,5.8,0.2905645
2.5,5.8,0.2783183
2.6,5.8,0.2608427
2.7,5.8,0.2381245
2.8,5.8,0.2103157
2.9,5.8,0.1773907
3.0,5.8,0.1399825
3.1,5.8,0.09815639
3.2,5.8,0.052519
3.3,5.8,0.003519749
3.4,5.8,-0.04831573
3.5,5.8,-0.10238
3.6,5.8,-0.1583881
3.7,5.8,-0.2156004
3.8,5.8,-0.2735768
3.9,5.8,-0.3317223
4.0,5.8,-0.3896809
4.1,5.8,-0.4467756
4.2,5.8,-0.5025941
4.3,5.8,-0.5564618
4.4,5.8,-0.6079536
4.5,5.8,-0.6564785
4.6,5.8,-0.7015398
4.7,5.8,-0.7427602
4.8,5.8,-0.7797043
4.9,5.8,-0.8118991
5.0,5.8,-0.8390537
5.1,5.8,-0.8609467
5.2,5.8,-0.8772975
5.3,5.8,-0.8884573
5.4,5.8,-0.8949375
5.5,5.8,-0.8968127
5.6,5.8,-0.8944461
5.7,5.8,-0.8879074
5.8,5.8,-0.8775076
5.9,5.8,-0.8635605
6.0,5.8,-0.8463666
6.1,5.8,-0.8261524
6.2,5.8,-0.8031656
6.3,5.8,-0.7777032
6.4,5.8,-0.7498419
6.5,5.8,-0.7200494
6.6,5.8,-0.688304
6.7,5.8,-0.6551876
6.8,5.8,-0.6207898
6.9,5.8,-0.5855002
7.0,5.8,-0.5495293
7.1,5.8,-0.5129409
7.2,5.8,-0.4754994
7.3,5.8,-0.437168
    
0.6,5.9,-0.1940251
0.7,5.9,-0.1494651
0.8,5.9,-0.106227
0.9,5.9,-0.06414258
1.0,5.9,-0.02310125
1.1,5.9,0.01679539
1.2,5.9,0.05507495
1.3,5.9,0.09153039
1.4,5.9,0.1256224
1.5,5.9,0.1570025
1.6,5.9,0.1854232
1.7,5.9,0.2105227
1.8,5.9,0.2322232
1.9,5.9,0.2501461
2.0,5.9,0.2638674
2.1,5.9,0.2732589
2.2,5.9,0.2777402
2.3,5.9,0.2768368
2.4,5.9,0.2704415
2.5,5.9,0.2586498
2.6,5.9,0.2414258
2.7,5.9,0.2190204
2.8,5.9,0.1914389
2.9,5.9,0.1589952
3.0,5.9,0.1218561
3.1,5.9,0.08050466
3.2,5.9,0.03542954
3.3,5.9,-0.01294541
3.4,5.9,-0.06405705
3.5,5.9,-0.1173554
3.6,5.9,-0.1723682
3.7,5.9,-0.2285397
3.8,5.9,-0.2854308
3.9,5.9,-0.3424123
4.0,5.9,-0.3990167
4.1,5.9,-0.454841
4.2,5.9,-0.5092518
4.3,5.9,-0.5617097
4.4,5.9,-0.6116179
4.5,5.9,-0.6585219
4.6,5.9,-0.7019652
4.7,5.9,-0.7413848
4.8,5.9,-0.7766295
4.9,5.9,-0.8069843
5.0,5.9,-0.8323831
5.1,5.9,-0.8524584
5.2,5.9,-0.8670409
5.3,5.9,-0.8765277
5.4,5.9,-0.8813862
5.5,5.9,-0.8815772
5.6,5.9,-0.877641
5.7,5.9,-0.8695679
5.8,5.9,-0.8576869
5.9,5.9,-0.842372
6.0,5.9,-0.8237659
6.1,5.9,-0.8021864
6.2,5.9,-0.7778792
6.3,5.9,-0.7510073
6.4,5.9,-0.7219475
6.5,5.9,-0.6907467
6.6,5.9,-0.6578689
6.7,5.9,-0.623455
6.8,5.9,-0.587933
6.9,5.9,-0.5515452
7.0,5.9,-0.5145268
7.1,5.9,-0.4768183
7.2,5.9,-0.4382375
    
0.6,6.0,-0.2346005
0.7,6.0,-0.1886066
0.8,6.0,-0.1438915
0.9,6.0,-0.100346
1.0,6.0,-0.05790531
1.1,6.0,-0.01668062
1.2,6.0,0.0229709
1.3,6.0,0.06061284
1.4,6.0,0.09590972
1.5,6.0,0.1284474
1.6,6.0,0.1578877
1.7,6.0,0.1839282
1.8,6.0,0.2065202
1.9,6.0,0.2253169
2.0,6.0,0.2397757
2.1,6.0,0.2498466
2.2,6.0,0.2548354
2.3,6.0,0.2544668
2.4,6.0,0.2485047
2.5,6.0,0.2371268
2.6,6.0,0.2202901
2.7,6.0,0.1982525
2.8,6.0,0.1710927
2.9,6.0,0.1389566
3.0,6.0,0.1023113
3.1,6.0,0.06143241
3.2,6.0,0.01691063
3.3,6.0,-0.03078287
3.4,6.0,-0.08105273
3.5,6.0,-0.1334248
3.6,6.0,-0.1874136
3.7,6.0,-0.242542
3.8,6.0,-0.2981966
3.9,6.0,-0.3539394
4.0,6.0,-0.4092141
4.1,6.0,-0.4635936
4.2,6.0,-0.516509
4.3,6.0,-0.5673309
4.4,6.0,-0.6156758
4.5,6.0,-0.6608913
4.6,6.0,-0.7025273
4.7,6.0,-0.7402367
4.8,6.0,-0.7736604
4.9,6.0,-0.8022206
5.0,6.0,-0.8257491
5.1,6.0,-0.8440021
5.2,6.0,-0.8566918
5.3,6.0,-0.8645114
5.4,6.0,-0.8674828
5.5,6.0,-0.8661412
5.6,6.0,-0.8604442
5.7,6.0,-0.8508021
5.8,6.0,-0.837377
5.9,6.0,-0.8205535
6.0,6.0,-0.80053
6.1,6.0,-0.7775242
6.2,6.0,-0.7517775
6.3,6.0,-0.7235586
6.4,6.0,-0.6931934
6.5,6.0,-0.6607135
6.6,6.0,-0.6265782
6.7,6.0,-0.5909325
6.8,6.0,-0.55419
6.9,6.0,-0.5165862
7.0,6.0,-0.4783299
7.1,6.0,-0.4394352
7.2,6.0,-0.399684
    
0.6,6.1,-0.2777468
0.7,6.1,-0.2301875
0.8,6.1,-0.1839264
0.9,6.1,-0.1389181
1.0,6.1,-0.09496474
1.1,6.1,-0.05232621
1.2,6.1,-0.01123566
1.3,6.1,0.02765498
1.4,6.1,0.06414417
1.5,6.1,0.09782072
1.6,6.1,0.1283497
1.7,6.1,0.155461
1.8,6.1,0.179009
1.9,6.1,0.198647
2.0,6.1,0.2139212
2.1,6.1,0.2246594
2.2,6.1,0.2303265
2.3,6.1,0.2304572
2.4,6.1,0.2249339
2.5,6.1,0.2139537
2.6,6.1,0.1976302
2.7,6.1,0.1759731
2.8,6.1,0.1493031
2.9,6.1,0.1175666
3.0,6.1,0.08143064
3.1,6.1,0.04111989
3.2,6.1,-0.002794335
3.3,6.1,-0.04971077
3.4,6.1,-0.09906515
3.5,6.1,-0.1505298
3.6,6.1,-0.2034085
3.7,6.1,-0.2573301
3.8,6.1,-0.3117911
3.9,6.1,-0.3661883
4.0,6.1,-0.4200545
4.1,6.1,-0.4729164
4.2,6.1,-0.5242344
4.3,6.1,-0.5734892
4.4,6.1,-0.6200589
4.5,6.1,-0.6635134
4.6,6.1,-0.7034092
4.7,6.1,-0.739249
4.8,6.1,-0.7707241
4.9,6.1,-0.7974296
5.0,6.1,-0.819088
5.1,6.1,-0.8353512
5.2,6.1,-0.8461837
5.3,6.1,-0.8521604
5.4,6.1,-0.8533809
5.5,6.1,-0.8502751
5.6,6.1,-0.8428978
5.7,6.1,-0.8316522
5.8,6.1,-0.8166139
5.9,6.1,-0.7982313
6.0,6.1,-0.7766964
6.1,6.1,-0.7522231
6.2,6.1,-0.7250494
6.3,6.1,-0.6954414
6.4,6.1,-0.663598
6.5,6.1,-0.6298792
6.6,6.1,-0.5942938
6.7,6.1,-0.5574185
6.8,6.1,-0.5194324
6.9,6.1,-0.4806267
7.0,6.1,-0.4411496
7.1,6.1,-0.4010331
7.2,6.1,-0.3600418
    
0.6,6.2,-0.3230487
0.7,6.2,-0.273866
0.8,6.2,-0.2259993
0.9,6.2,-0.1795012
1.0,6.2,-0.1339733
1.1,6.2,-0.08984079
1.2,6.2,-0.04730563
1.3,6.2,-0.007061328
1.4,6.2,0.0306696
1.5,6.2,0.06553352
1.6,6.2,0.09719844
1.7,6.2,0.1254144
1.8,6.2,0.1499382
1.9,6.2,0.17039
2.0,6.2,0.1866029
2.1,6.2,0.1979536
2.2,6.2,0.2042764
2.3,6.2,0.204979
2.4,6.2,0.2000475
2.5,6.2,0.1895653
2.6,6.2,0.1735911
2.7,6.2,0.1523472
2.8,6.2,0.1260376
2.9,6.2,0.09496706
3.0,6.2,0.05929402
3.1,6.2,0.01965301
3.2,6.2,-0.02350109
3.3,6.2,-0.06956701
3.4,6.2,-0.1180923
3.5,6.2,-0.1683682
3.6,6.2,-0.220187
3.7,6.2,-0.2728636
3.8,6.2,-0.3258748
3.9,6.2,-0.3788885
4.0,6.2,-0.431298
4.1,6.2,-0.4825883
4.2,6.2,-0.5322807
4.3,6.2,-0.5797527
4.4,6.2,-0.6246244
4.5,6.2,-0.6663065
4.6,6.2,-0.7043559
4.7,6.2,-0.738362
4.8,6.2,-0.7678252
4.9,6.2,-0.7926721
5.0,6.2,-0.8121878
5.1,6.2,-0.8264625
5.2,6.2,-0.8354566
5.3,6.2,-0.839585
5.4,6.2,-0.8389524
5.5,6.2,-0.8341013
5.6,6.2,-0.8249635
5.7,6.2,-0.8120091
5.8,6.2,-0.795393
5.9,6.2,-0.7754055
6.0,6.2,-0.7523178
6.1,6.2,-0.7263405
6.2,6.2,-0.6977093
6.3,6.2,-0.6666786
6.4,6.2,-0.6333756
6.5,6.2,-0.5981334
6.6,6.2,-0.5613154
6.7,6.2,-0.5230614
6.8,6.2,-0.4837191
6.9,6.2,-0.443692
7.0,6.2,-0.4029614
7.1,6.2,-0.3615756
7.2,6.2,-0.319311
    
0.6,6.3,-0.3700901
0.7,6.3,-0.3192341
0.8,6.3,-0.2698082
0.9,6.3,-0.2216807
1.0,6.3,-0.1745279
1.1,6.3,-0.1288539
1.2,6.3,-0.08493774
1.3,6.3,-0.04319123
1.4,6.3,-0.004178159
1.5,6.3,0.03191428
1.6,6.3,0.0647577
1.7,6.3,0.0939711
1.8,6.3,0.1195606
1.9,6.3,0.1409278
2.0,6.3,0.1579803
2.1,6.3,0.1701042
2.2,6.3,0.1771074
2.3,6.3,0.1784008
2.4,6.3,0.1739406
2.5,6.3,0.1638465
2.6,6.3,0.148421
2.7,6.3,0.1278333
2.8,6.3,0.1020491
2.9,6.3,0.07135552
3.0,6.3,0.03639794
3.1,6.3,-0.002641083
3.2,6.3,-0.04503442
3.3,6.3,-0.09019109
3.4,6.3,-0.1376431
3.5,6.3,-0.1869164
3.6,6.3,-0.2374296
3.7,6.3,-0.2888145
3.8,6.3,-0.340434
3.9,6.3,-0.3920351
4.0,6.3,-0.4428715
4.1,6.3,-0.4925176
4.2,6.3,-0.5404738
4.3,6.3,-0.5863272
4.4,6.3,-0.6293522
4.5,6.3,-0.6691903
4.6,6.3,-0.7052925
4.7,6.3,-0.7372624
4.8,6.3,-0.7648959
4.9,6.3,-0.7876243
5.0,6.3,-0.8051959
5.1,6.3,-0.8173896
5.2,6.3,-0.8244706
5.3,6.3,-0.8266762
5.4,6.3,-0.8241863
5.5,6.3,-0.8174689
5.6,6.3,-0.8066282
5.7,6.3,-0.7919233
5.8,6.3,-0.7737193
5.9,6.3,-0.7520895
6.0,6.3,-0.727403
6.1,6.3,-0.6998821
6.2,6.3,-0.6696751
6.3,6.3,-0.6370443
6.4,6.3,-0.6023056
6.5,6.3,-0.5657074
6.6,6.3,-0.5274134
6.7,6.3,-0.4878154
6.8,6.3,-0.4472542
6.9,6.3,-0.4058892
7.0,6.3,-0.3639338
7.1,6.3,-0.3212132
7.2,6.3,-0.2776229
    
0.5,6.4,-0.4724633
0.6,6.4,-0.4184269
0.7,6.4,-0.3658611
0.8,6.4,-0.3148524
0.9,6.4,-0.2650502
1.0,6.4,-0.2162335
1.1,6.4,-0.1690405
1.2,6.4,-0.1235522
1.3,6.4,-0.08054407
1.4,6.4,-0.04016893
1.5,6.4,-0.002819395
1.6,6.4,0.03118801
1.7,6.4,0.06157091
1.8,6.4,0.08815786
1.9,6.4,0.1105018
2.0,6.4,0.128462
2.1,6.4,0.1413306
2.2,6.4,0.1489861
2.3,6.4,0.1508435
2.4,6.4,0.1469332
2.5,6.4,0.1374367
2.6,6.4,0.1224851
2.7,6.4,0.1023717
2.8,6.4,0.07718503
2.9,6.4,0.04705442
3.0,6.4,0.01267174
3.1,6.4,-0.0255234
3.2,6.4,-0.06706391
3.3,6.4,-0.1113525
3.4,6.4,-0.1577467
3.5,6.4,-0.2057615
3.6,6.4,-0.2550331
3.7,6.4,-0.305051
3.8,6.4,-0.3552627
3.9,6.4,-0.4053159
4.0,6.4,-0.4544979
4.1,6.4,-0.502554
4.2,6.4,-0.5487472
4.3,6.4,-0.5927162
4.4,6.4,-0.6339173
4.5,6.4,-0.6718328
4.6,6.4,-0.7060482
4.7,6.4,-0.7361683
4.8,6.4,-0.7616588
4.9,6.4,-0.7824195
5.0,6.4,-0.7979485
5.1,6.4,-0.8082055
5.2,6.4,-0.8131979
5.3,6.4,-0.8134113
5.4,6.4,-0.8090842
5.5,6.4,-0.8004935
5.6,6.4,-0.7878315
5.7,6.4,-0.7714527
5.8,6.4,-0.7515415
5.9,6.4,-0.7282015
6.0,6.4,-0.7018994
6.1,6.4,-0.6727886
6.2,6.4,-0.6410991
6.3,6.4,-0.6069954
6.4,6.4,-0.5707244
6.5,6.4,-0.5327103
6.6,6.4,-0.4929645
6.7,6.4,-0.4520107
6.8,6.4,-0.4100801
6.9,6.4,-0.3673862
7.0,6.4,-0.3240977
7.1,6.4,-0.2800438
7.2,6.4,-0.2351169
    
0.5,6.5,-0.5233835
0.6,6.5,-0.4675941
0.7,6.5,-0.4133671
0.8,6.5,-0.3606858
0.9,6.5,-0.3091853
1.0,6.5,-0.2587431
1.1,6.5,-0.2099597
1.2,6.5,-0.1630257
1.3,6.5,-0.1184831
1.4,6.5,-0.07678187
1.5,6.5,-0.03816028
1.6,6.5,-0.002944426
1.7,6.5,0.02844109
1.8,6.5,0.05605207
1.9,6.5,0.07939962
2.0,6.5,0.09812637
2.1,6.5,0.1118488
2.2,6.5,0.1202458
2.3,6.5,0.1228673
2.4,6.5,0.119417
2.5,6.5,0.1104047
2.6,6.5,0.09603424
2.7,6.5,0.07639905
2.8,6.5,0.05172995
2.9,6.5,0.02230044
3.0,6.5,-0.01144713
3.1,6.5,-0.04889263
3.2,6.5,-0.08954906
3.3,6.5,-0.1327383
3.4,6.5,-0.1780562
3.5,6.5,-0.224885
3.6,6.5,-0.2728518
3.7,6.5,-0.3215255
3.8,6.5,-0.3702631
3.9,6.5,-0.4187673
4.0,6.5,-0.4663609
4.1,6.5,-0.5126132
4.2,6.5,-0.557029
4.3,6.5,-0.5991118
4.4,6.5,-0.6383615
4.5,6.5,-0.6742872
4.6,6.5,-0.7065112
4.7,6.5,-0.734527
4.8,6.5,-0.7580724
4.9,6.5,-0.7767753
5.0,6.5,-0.7904064
5.1,6.5,-0.798485
5.2,6.5,-0.8016462
5.3,6.5,-0.7998872
5.4,6.5,-0.793764
5.5,6.5,-0.7832591
5.6,6.5,-0.7688554
5.7,6.5,-0.7507186
5.8,6.5,-0.7289867
5.9,6.5,-0.7040237
6.0,6.5,-0.6760591
6.1,6.5,-0.6453399
6.2,6.5,-0.6120358
6.3,6.5,-0.5764643
6.4,6.5,-0.5388068
6.5,6.5,-0.4992099
6.6,6.5,-0.4581334
6.7,6.5,-0.4157467
6.8,6.5,-0.3723327
6.9,6.5,-0.328312
7.0,6.5,-0.2835764
7.1,6.5,-0.2381894
7.2,6.5,-0.1919233
    
0.5,6.6,-0.5748624
0.6,6.6,-0.5172783
0.7,6.6,-0.4613657
0.8,6.6,-0.406939
0.9,6.6,-0.3537415
1.0,6.6,-0.3016769
1.1,6.6,-0.2512487
1.2,6.6,-0.2029175
1.3,6.6,-0.1569752
1.4,6.6,-0.1138838
1.5,6.6,-0.07400919
1.6,6.6,-0.03764475
1.7,6.6,-0.005002434
1.8,6.6,0.0235707
1.9,6.6,0.04794096
2.0,6.6,0.06747938
2.1,6.6,0.08205138
2.2,6.6,0.09113008
2.3,6.6,0.09430168
2.4,6.6,0.09147211
2.5,6.6,0.08301949
2.6,6.6,0.06920739
2.7,6.6,0.05016234
2.8,6.6,0.02605901
2.9,6.6,-0.002762127
3.0,6.6,-0.03570191
3.1,6.6,-0.07237737
3.2,6.6,-0.1120978
3.3,6.6,-0.1543066
3.4,6.6,-0.1984512
3.5,6.6,-0.244013
3.6,6.6,-0.2907077
3.7,6.6,-0.3378973
3.8,6.6,-0.3851314
3.9,6.6,-0.4320413
4.0,6.6,-0.4779505
4.1,6.6,-0.5223912
4.2,6.6,-0.565153
4.3,6.6,-0.6053612
4.4,6.6,-0.6426959
4.5,6.6,-0.6766949
4.6,6.6,-0.7068697
4.7,6.6,-0.7328483
4.8,6.6,-0.7544235
4.9,6.6,-0.770983
5.0,6.6,-0.7824311
5.1,6.6,-0.7885575
5.2,6.6,-0.7895947
5.3,6.6,-0.7859398
5.4,6.6,-0.7778212
5.5,6.6,-0.7655359
5.6,6.6,-0.7492206
5.7,6.6,-0.7292649
5.8,6.6,-0.7058754
5.9,6.6,-0.6792698
6.0,6.6,-0.6496805
6.1,6.6,-0.6173466
6.2,6.6,-0.5825365
6.3,6.6,-0.5453431
6.4,6.6,-0.5060685
6.5,6.6,-0.4650939
6.6,6.6,-0.4224595
6.7,6.6,-0.3786451
6.8,6.6,-0.3339205
6.9,6.6,-0.2886031
7.0,6.6,-0.2425482
7.1,6.6,-0.1957824
7.2,6.6,-0.1481462
    
0.5,6.7,-0.6270169
0.6,6.7,-0.5676155
0.7,6.7,-0.510025
0.8,6.7,-0.453827
0.9,6.7,-0.3988735
1.0,6.7,-0.3451562
1.1,6.7,-0.2931114
1.2,6.7,-0.2432269
1.3,6.7,-0.1958738
1.4,6.7,-0.1514292
1.5,6.7,-0.1102554
1.6,6.7,-0.0726422
1.7,6.7,-0.03882828
1.8,6.7,-0.009213659
1.9,6.7,0.01603917
2.0,6.7,0.0365609
2.1,6.7,0.05191166
2.2,6.7,0.0616103
2.3,6.7,0.0653747
2.4,6.7,0.06318407
2.5,6.7,0.05535683
2.6,6.7,0.04202517
2.7,6.7,0.02356204
2.8,6.7,0.0001381339
2.9,6.7,-0.02804604
3.0,6.7,-0.06036742
3.1,6.7,-0.09619492
3.2,6.7,-0.1349725
3.3,6.7,-0.1760672
3.4,6.7,-0.218907
3.5,6.7,-0.2633233
3.6,6.7,-0.3086131
3.7,6.7,-0.3543047
3.8,6.7,-0.4000546
3.9,6.7,-0.4452779
4.0,6.7,-0.4894974
4.1,6.7,-0.5321697
4.2,6.7,-0.5730629
4.3,6.7,-0.6114959
4.4,6.7,-0.6468836
4.5,6.7,-0.6788147
4.6,6.7,-0.7069421
4.7,6.7,-0.7309668
4.8,6.7,-0.7503406
4.9,6.7,-0.764955
5.0,6.7,-0.7742414
5.1,6.7,-0.7782072
5.2,6.7,-0.777235
5.3,6.7,-0.7716316
5.4,6.7,-0.7615373
5.5,6.7,-0.7473362
5.6,6.7,-0.7293104
5.7,6.7,-0.7075193
5.8,6.7,-0.6823732
5.9,6.7,-0.6540397
6.0,6.7,-0.622816
6.1,6.7,-0.588872
6.2,6.7,-0.5524434
6.3,6.7,-0.5137161
6.4,6.7,-0.4728871
6.5,6.7,-0.4304265
6.6,6.7,-0.3863248
6.7,6.7,-0.3410907
6.8,6.7,-0.2950462
6.9,6.7,-0.2482854
7.0,6.7,-0.2009309
7.1,6.7,-0.1527746
7.2,6.7,-0.10374
    
0.5,6.8,-0.6800155
0.6,6.8,-0.6188339
0.7,6.8,-0.5594441
0.8,6.8,-0.5014319
0.9,6.8,-0.4447166
1.0,6.8,-0.3892935
1.1,6.8,-0.3356559
1.2,6.8,-0.2840919
1.3,6.8,-0.2352956
1.4,6.8,-0.1894687
1.5,6.8,-0.1469703
1.6,6.8,-0.1081334
1.7,6.8,-0.07324848
1.8,6.8,-0.04252571
1.9,6.8,-0.01630975
2.0,6.8,0.005098357
2.1,6.8,0.0212452
2.2,6.8,0.031642
2.3,6.8,0.0360005
2.4,6.8,0.03437791
2.5,6.8,0.02713496
2.6,6.8,0.01444596
2.7,6.8,-0.003462158
2.8,6.8,-0.02622681
2.9,6.8,-0.05374053
3.0,6.8,-0.08527406
3.1,6.8,-0.1202185
3.2,6.8,-0.1580009
3.3,6.8,-0.1979909
3.4,6.8,-0.2396799
3.5,6.8,-0.2826858
3.6,6.8,-0.3265694
3.7,6.8,-0.3708235
3.8,6.8,-0.4149401
3.9,6.8,-0.4585116
4.0,6.8,-0.5010229
4.1,6.8,-0.5419923
4.2,6.8,-0.5809014
4.3,6.8,-0.6173707
4.4,6.8,-0.6507804
4.5,6.8,-0.6807282
4.6,6.8,-0.706874
4.7,6.8,-0.7287429
4.8,6.8,-0.7460546
4.9,6.8,-0.7584355
5.0,6.8,-0.7656827
5.1,6.8,-0.767535
5.2,6.8,-0.7645215
5.3,6.8,-0.7568825
5.4,6.8,-0.744863
5.5,6.8,-0.7287352
5.6,6.8,-0.7088368
5.7,6.8,-0.6852735
5.8,6.8,-0.6584101
5.9,6.8,-0.6284408
6.0,6.8,-0.5955568
6.1,6.8,-0.5599776
6.2,6.8,-0.5219545
6.3,6.8,-0.4815762
6.4,6.8,-0.4392941
6.5,6.8,-0.3952107
6.6,6.8,-0.3496996
6.7,6.8,-0.3030528
6.8,6.8,-0.2555023
6.9,6.8,-0.2073497
7.0,6.8,-0.1585167
7.1,6.8,-0.1089694
7.2,6.8,-0.05854855
    
0.7,3.7,-0.3422129
0.8,3.7,-0.3066938
0.9,3.7,-0.2721069
1.0,3.7,-0.2383565
1.1,3.7,-0.2052648
1.2,3.7,-0.1730992
1.3,3.7,-0.1421717
1.4,3.7,-0.1128355
1.5,3.7,-0.08520684
1.6,3.7,-0.0598581
1.7,3.7,-0.03685876
1.8,3.7,-0.01650102
1.9,3.7,0.00097242
2.0,3.7,0.01531164
2.1,3.7,0.02624788
2.2,3.7,0.03352661
2.3,3.7,0.03672291
2.4,3.7,0.0356136
2.5,3.7,0.02986719
2.6,3.7,0.01939695
2.7,3.7,0.00424631
2.8,3.7,-0.01570261
2.9,3.7,-0.04036439
3.0,3.7,-0.07007648
3.1,3.7,-0.1044832
3.2,3.7,-0.1436496
3.3,3.7,-0.1870941
3.4,3.7,-0.2347392
3.5,3.7,-0.2862544
3.6,3.7,-0.3410867
3.7,3.7,-0.3986268
3.8,3.7,-0.4583945
3.9,3.7,-0.5195423
4.0,3.7,-0.581565
4.1,3.7,-0.6438745
4.2,3.7,-0.7060342
4.3,3.7,-0.7673303
4.4,3.7,-0.8272089
4.5,3.7,-0.8849981
4.6,3.7,-0.9405206
4.7,3.7,-0.9929544
4.8,3.7,-1.041739
4.9,3.7,-1.086204
5.0,3.7,-1.126021
5.1,3.7,-1.160363
5.2,3.7,-1.189145
5.3,3.7,-1.212473
5.4,3.7,-1.230355
5.5,3.7,-1.243128
5.6,3.7,-1.250848
5.7,3.7,-1.253466
5.8,3.7,-1.251375
5.9,3.7,-1.245134
6.0,3.7,-1.23478
6.1,3.7,-1.220858
6.2,3.7,-1.203647
6.3,3.7,-1.183435
6.4,3.7,-1.160373
6.5,3.7,-1.134778
6.6,3.7,-1.106797
6.7,3.7,-1.07693
6.8,3.7,-1.045458
6.9,3.7,-1.012758
7.0,3.7,-0.9790708
7.1,3.7,-0.9445859
7.2,3.7,-0.9090492
7.3,3.7,-0.8723798
    
0.7,3.6,-0.3871786
0.8,3.6,-0.350935
0.9,3.6,-0.3156222
1.0,3.6,-0.2811453
1.1,3.6,-0.2473306
1.2,3.6,-0.214428
1.3,3.6,-0.1827724
1.4,3.6,-0.152678
1.5,3.6,-0.1243112
1.6,3.6,-0.0981923
1.7,3.6,-0.07441433
1.8,3.6,-0.05326418
1.9,3.6,-0.0349947
2.0,3.6,-0.01985115
2.1,3.6,-0.008101353
2.2,3.6,1.744853e-06
2.3,3.6,0.004096846
2.4,3.6,0.003846277
2.5,3.6,-0.0009816018
2.6,3.6,-0.01047795
2.7,3.6,-0.02471506
2.8,3.6,-0.04367212
2.9,3.6,-0.06742869
3.0,3.6,-0.09613566
3.1,3.6,-0.1297328
3.2,3.6,-0.1678847
3.3,3.6,-0.2105209
3.4,3.6,-0.2573817
3.5,3.6,-0.3081318
3.6,3.6,-0.3622629
3.7,3.6,-0.4191711
3.8,3.6,-0.478194
3.9,3.6,-0.5388138
4.0,3.6,-0.6003194
4.1,3.6,-0.662123
4.2,3.6,-0.7237988
4.3,3.6,-0.7846758
4.4,3.6,-0.8441121
4.5,3.6,-0.9015225
4.6,3.6,-0.9565731
4.7,3.6,-1.008691
4.8,3.6,-1.057161
4.9,3.6,-1.101436
5.0,3.6,-1.140767
5.1,3.6,-1.174907
5.2,3.6,-1.203366
5.3,3.6,-1.226183
5.4,3.6,-1.243719
5.5,3.6,-1.256125
5.6,3.6,-1.263259
5.7,3.6,-1.265402
5.8,3.6,-1.26289
5.9,3.6,-1.255928
6.0,3.6,-1.245082
6.1,3.6,-1.230599
6.2,3.6,-1.212715
6.3,3.6,-1.191755
6.4,3.6,-1.167994
6.5,3.6,-1.14167
6.6,3.6,-1.113059
6.7,3.6,-1.0824
6.8,3.6,-1.050238
6.9,3.6,-1.016685
7.0,3.6,-0.9822876
7.1,3.6,-0.9469976
7.2,3.6,-0.9106949
7.3,3.6,-0.8732682
    
0.7,3.5,-0.4320265
0.8,3.5,-0.3950178
0.9,3.5,-0.3589396
1.0,3.5,-0.3236975
1.1,3.5,-0.289122
1.2,3.5,-0.2554454
1.3,3.5,-0.2230266
1.4,3.5,-0.1921404
1.5,3.5,-0.1630006
1.6,3.5,-0.1360763
1.7,3.5,-0.1114819
1.8,3.5,-0.08946339
1.9,3.5,-0.07041333
2.0,3.5,-0.05439094
2.1,3.5,-0.04173728
2.2,3.5,-0.0328503
2.3,3.5,-0.02787
2.4,3.5,-0.02714452
2.5,3.5,-0.03105029
2.6,3.5,-0.03964236
2.7,3.5,-0.05284339
2.8,3.5,-0.07087544
2.9,3.5,-0.09359256
3.0,3.5,-0.1213951
3.1,3.5,-0.154016
3.2,3.5,-0.1912738
3.3,3.5,-0.2329984
3.4,3.5,-0.2790333
3.5,3.5,-0.3290036
3.6,3.5,-0.382411
3.7,3.5,-0.4386489
3.8,3.5,-0.4970217
3.9,3.5,-0.5570574
4.0,3.5,-0.6179944
4.1,3.5,-0.6792368
4.2,3.5,-0.7404613
4.3,3.5,-0.8008552
4.4,3.5,-0.8598949
4.5,3.5,-0.9168828
4.6,3.5,-0.9715483
4.7,3.5,-1.023304
4.8,3.5,-1.071423
4.9,3.5,-1.115348
5.0,3.5,-1.15434
5.1,3.5,-1.188125
5.2,3.5,-1.216214
5.3,3.5,-1.23865
5.4,3.5,-1.255775
5.5,3.5,-1.267727
5.6,3.5,-1.274379
5.7,3.5,-1.276022
5.8,3.5,-1.272847
5.9,3.5,-1.265387
6.0,3.5,-1.253893
6.1,3.5,-1.238663
6.2,3.5,-1.220113
6.3,3.5,-1.198523
6.4,3.5,-1.174067
6.5,3.5,-1.14704
6.6,3.5,-1.11768
6.7,3.5,-1.086284
6.8,3.5,-1.053336
6.9,3.5,-1.018967
7.0,3.5,-0.9836997
7.1,3.5,-0.9476004
7.2,3.5,-0.9105801
7.3,3.5,-0.8723004
    
0.7,3.4,-0.4763218
0.8,3.4,-0.4385079
0.9,3.4,-0.4016357
1.0,3.4,-0.3656001
1.1,3.4,-0.3302362
1.2,3.4,-0.2957581
1.3,3.4,-0.2625479
1.4,3.4,-0.2308412
1.5,3.4,-0.2009007
1.6,3.4,-0.1731435
1.7,3.4,-0.1477068
1.8,3.4,-0.1248708
1.9,3.4,-0.1049724
2.0,3.4,-0.08810424
2.1,3.4,-0.07458236
2.2,3.4,-0.06466239
2.3,3.4,-0.05884409
2.4,3.4,-0.05717781
2.5,3.4,-0.06012176
2.6,3.4,-0.06769818
2.7,3.4,-0.07994483
2.8,3.4,-0.0969471
2.9,3.4,-0.1186985
3.0,3.4,-0.1455028
3.1,3.4,-0.1771265
3.2,3.4,-0.2134637
3.3,3.4,-0.2542578
3.4,3.4,-0.2994547
3.5,3.4,-0.3485933
3.6,3.4,-0.4012519
3.7,3.4,-0.4568426
3.8,3.4,-0.5146623
3.9,3.4,-0.5740235
4.0,3.4,-0.6343544
4.1,3.4,-0.6951311
4.2,3.4,-0.7557862
4.3,3.4,-0.8157154
4.4,3.4,-0.8742855
4.5,3.4,-0.9309033
4.6,3.4,-0.9851509
4.7,3.4,-1.036521
4.8,3.4,-1.084284
4.9,3.4,-1.127866
5.0,3.4,-1.166501
5.1,3.4,-1.199816
5.2,3.4,-1.227563
5.3,3.4,-1.249714
5.4,3.4,-1.266462
5.5,3.4,-1.277745
5.6,3.4,-1.283911
5.7,3.4,-1.285094
5.8,3.4,-1.281364
5.9,3.4,-1.27318
6.0,3.4,-1.261061
6.1,3.4,-1.245269
6.2,3.4,-1.225994
6.3,3.4,-1.203688
6.4,3.4,-1.178478
6.5,3.4,-1.15059
6.6,3.4,-1.120378
6.7,3.4,-1.088243
6.8,3.4,-1.054402
6.9,3.4,-1.019344
7.0,3.4,-0.9832431
7.1,3.4,-0.946347
7.2,3.4,-0.9084378
7.3,3.4,-0.8693863
    
0.7,3.3,-0.5195794
0.8,3.3,-0.4809359
0.9,3.3,-0.4432515
1.0,3.3,-0.4064049
1.1,3.3,-0.3702359
1.2,3.3,-0.334938
1.3,3.3,-0.3009178
1.4,3.3,-0.2683689
1.5,3.3,-0.237609
1.6,3.3,-0.2089993
1.7,3.3,-0.182703
1.8,3.3,-0.1590043
1.9,3.3,-0.1382369
2.0,3.3,-0.1204872
2.1,3.3,-0.1060759
2.2,3.3,-0.09525717
2.3,3.3,-0.08846765
2.4,3.3,-0.08587214
2.5,3.3,-0.08782281
2.6,3.3,-0.09436705
2.7,3.3,-0.1056432
2.8,3.3,-0.1216009
2.9,3.3,-0.1423811
3.0,3.3,-0.1681671
3.1,3.3,-0.1987868
3.2,3.3,-0.2341981
3.3,3.3,-0.274056
3.4,3.3,-0.3183992
3.5,3.3,-0.3667335
3.6,3.3,-0.418639
3.7,3.3,-0.4735321
3.8,3.3,-0.5307103
3.9,3.3,-0.5894272
4.0,3.3,-0.6491764
4.1,3.3,-0.7094494
4.2,3.3,-0.7695709
4.3,3.3,-0.8290206
4.4,3.3,-0.8871349
4.5,3.3,-0.9433504
4.6,3.3,-0.9972087
4.7,3.3,-1.048184
4.8,3.3,-1.095588
4.9,3.3,-1.138715
5.0,3.3,-1.177051
5.1,3.3,-1.209985
5.2,3.3,-1.237394
5.3,3.3,-1.259127
5.4,3.3,-1.275323
5.5,3.3,-1.286179
5.6,3.3,-1.291901
5.7,3.3,-1.292504
5.8,3.3,-1.288103
5.9,3.3,-1.279447
6.0,3.3,-1.266581
6.1,3.3,-1.250018
6.2,3.3,-1.230068
6.3,3.3,-1.207024
6.4,3.3,-1.181051
6.5,3.3,-1.152468
6.6,3.3,-1.121457
6.7,3.3,-1.088464
6.8,3.3,-1.053859
6.9,3.3,-1.017915
7.0,3.3,-0.9810125
7.1,3.3,-0.9432728
7.2,3.3,-0.9045044
7.3,3.3,-0.8645778
    
0.7,3.2,-0.5612862
0.8,3.2,-0.521803
0.9,3.2,-0.4832999
1.0,3.2,-0.445636
1.1,3.2,-0.4086566
1.2,3.2,-0.3725341
1.3,3.2,-0.3376943
1.4,3.2,-0.3042919
1.5,3.2,-0.2727059
1.6,3.2,-0.2432326
1.7,3.2,-0.2160655
1.8,3.2,-0.191494
1.9,3.2,-0.1698476
2.0,3.2,-0.1512059
2.1,3.2,-0.1358946
2.2,3.2,-0.1241666
2.3,3.2,-0.1163894
2.4,3.2,-0.1128543
2.5,3.2,-0.113798
2.6,3.2,-0.1192889
2.7,3.2,-0.1295816
2.8,3.2,-0.1444769
2.9,3.2,-0.1642858
3.0,3.2,-0.1890261
3.1,3.2,-0.2187146
3.2,3.2,-0.253088
3.3,3.2,-0.292106
3.4,3.2,-0.3355271
3.5,3.2,-0.3830877
3.6,3.2,-0.4342633
3.7,3.2,-0.4883991
3.8,3.2,-0.5449061
3.9,3.2,-0.6030153
4.0,3.2,-0.6622321
4.1,3.2,-0.7219455
4.2,3.2,-0.7815607
4.3,3.2,-0.8405295
4.4,3.2,-0.8982305
4.5,3.2,-0.9540414
4.6,3.2,-1.007421
4.7,3.2,-1.05804
4.8,3.2,-1.105067
4.9,3.2,-1.147926
5.0,3.2,-1.185857
5.1,3.2,-1.21844
5.2,3.2,-1.245411
5.3,3.2,-1.266716
5.4,3.2,-1.282535
5.5,3.2,-1.292937
5.6,3.2,-1.298134
5.7,3.2,-1.298103
5.8,3.2,-1.293225
5.9,3.2,-1.283791
6.0,3.2,-1.270368
6.1,3.2,-1.253131
6.2,3.2,-1.232417
6.3,3.2,-1.208618
6.4,3.2,-1.181881
6.5,3.2,-1.152517
6.6,3.2,-1.120702
6.7,3.2,-1.08689
6.8,3.2,-1.051448
6.9,3.2,-1.014642
7.0,3.2,-0.9769104
7.1,3.2,-0.938315
7.2,3.2,-0.8986673
7.3,3.2,-0.8578439
    
0.7,3.1,-0.6009607
0.8,3.1,-0.5606383
0.9,3.1,-0.5213201
1.0,3.1,-0.482843
1.1,3.1,-0.4450582
1.2,3.1,-0.4081228
1.3,3.1,-0.3724595
1.4,3.1,-0.3382043
1.5,3.1,-0.3057956
1.6,3.1,-0.2754561
1.7,3.1,-0.2474129
1.8,3.1,-0.2219679
1.9,3.1,-0.1993949
2.0,3.1,-0.1798359
2.1,3.1,-0.1636216
2.2,3.1,-0.1510509
2.3,3.1,-0.1423151
2.4,3.1,-0.1377256
2.5,3.1,-0.1377049
2.6,3.1,-0.1422004
2.7,3.1,-0.1514506
2.8,3.1,-0.1652775
2.9,3.1,-0.1841123
3.0,3.1,-0.2078393
3.1,3.1,-0.2365014
3.2,3.1,-0.2699477
3.3,3.1,-0.3080074
3.4,3.1,-0.3505726
3.5,3.1,-0.3973066
3.6,3.1,-0.4477217
3.7,3.1,-0.5011493
3.8,3.1,-0.5569948
3.9,3.1,-0.6145463
4.0,3.1,-0.6731794
4.1,3.1,-0.7323549
4.2,3.1,-0.7914591
4.3,3.1,-0.8499785
4.4,3.1,-0.9072371
4.5,3.1,-0.9626215
4.6,3.1,-1.015618
4.7,3.1,-1.065825
4.8,3.1,-1.112478
4.9,3.1,-1.154994
5.0,3.1,-1.192561
5.1,3.1,-1.224961
5.2,3.1,-1.251563
5.3,3.1,-1.272488
5.4,3.1,-1.287778
5.5,3.1,-1.297731
5.6,3.1,-1.302457
5.7,3.1,-1.30188
5.8,3.1,-1.296386
5.9,3.1,-1.286364
6.0,3.1,-1.272206
6.1,3.1,-1.254307
6.2,3.1,-1.232935
6.3,3.1,-1.208304
6.4,3.1,-1.180757
6.5,3.1,-1.150514
6.6,3.1,-1.117922
6.7,3.1,-1.083345
6.8,3.1,-1.046961
6.9,3.1,-1.009391
7.0,3.1,-0.9707465
7.1,3.1,-0.9313045
7.2,3.1,-0.8908372
7.3,3.1,-0.8492156
    
0.7,3.0,-0.6381583
0.8,3.0,-0.5970055
0.9,3.0,-0.5568853
1.0,3.0,-0.5176076
1.1,3.0,-0.4790315
1.2,3.0,-0.4412953
1.3,3.0,-0.4048175
1.4,3.0,-0.3697129
1.5,3.0,-0.3364911
1.6,3.0,-0.3052884
1.7,3.0,-0.2763724
1.8,3.0,-0.2500473
1.9,3.0,-0.22667
2.0,3.0,-0.2062283
2.1,3.0,-0.1890714
2.2,3.0,-0.1754519
2.3,3.0,-0.1658376
2.4,3.0,-0.1602995
2.5,3.0,-0.1592181
2.6,3.0,-0.1627404
2.7,3.0,-0.1709181
2.8,3.0,-0.1837579
2.9,3.0,-0.2015319
3.0,3.0,-0.224244
3.1,3.0,-0.2518762
3.2,3.0,-0.2843969
3.3,3.0,-0.3214966
3.4,3.0,-0.3632084
3.5,3.0,-0.4091201
3.6,3.0,-0.4587936
3.7,3.0,-0.5115338
3.8,3.0,-0.566728
3.9,3.0,-0.6236824
4.0,3.0,-0.6817385
4.1,3.0,-0.740423
4.2,3.0,-0.7989855
4.3,3.0,-0.8571251
4.4,3.0,-0.9139464
4.5,3.0,-0.968954
4.6,3.0,-1.021582
4.7,3.0,-1.071458
4.8,3.0,-1.117775
4.9,3.0,-1.15994
5.0,3.0,-1.19725
5.1,3.0,-1.229353
5.2,3.0,-1.255535
5.3,3.0,-1.276068
5.4,3.0,-1.291037
5.5,3.0,-1.300526
5.6,3.0,-1.304729
5.7,3.0,-1.303614
5.8,3.0,-1.297574
5.9,3.0,-1.28691
6.0,3.0,-1.272181
6.1,3.0,-1.253473
6.2,3.0,-1.231413
6.3,3.0,-1.206105
6.4,3.0,-1.177783
6.5,3.0,-1.146722
6.6,3.0,-1.113267
6.7,3.0,-1.077826
6.8,3.0,-1.040639
6.9,3.0,-1.002213
7.0,3.0,-0.962696
7.1,3.0,-0.9223832
7.2,3.0,-0.8810373
7.3,3.0,-0.8385278
    
0.7,2.9,-0.6725257
0.8,2.9,-0.6305583
0.9,2.9,-0.5896558
1.0,2.9,-0.5495974
1.1,2.9,-0.5102509
1.2,2.9,-0.4717327
1.3,2.9,-0.4344554
1.4,2.9,-0.39851
1.5,2.9,-0.3644897
1.6,2.9,-0.332431
1.7,2.9,-0.3026496
1.8,2.9,-0.2755163
1.9,2.9,-0.2512308
2.0,2.9,-0.2298988
2.1,2.9,-0.2118425
2.2,2.9,-0.1973135
2.3,2.9,-0.1866875
2.4,2.9,-0.1802081
2.5,2.9,-0.1780644
2.6,2.9,-0.1806107
2.7,2.9,-0.1876937
2.8,2.9,-0.1995519
2.9,2.9,-0.2162522
3.0,2.9,-0.2379281
3.1,2.9,-0.2646512
3.2,2.9,-0.2960929
3.3,2.9,-0.3323786
3.4,2.9,-0.3731103
3.5,2.9,-0.4182422
3.6,2.9,-0.4671792
3.7,2.9,-0.5192372
3.8,2.9,-0.5737953
3.9,2.9,-0.6301621
4.0,2.9,-0.687677
4.1,2.9,-0.7458582
4.2,2.9,-0.8040156
4.3,2.9,-0.8616728
4.4,2.9,-0.9181173
4.5,2.9,-0.9727689
4.6,2.9,-1.025101
4.7,2.9,-1.074677
4.8,2.9,-1.12067
4.9,2.9,-1.162475
5.0,2.9,-1.199618
5.1,2.9,-1.231277
5.2,2.9,-1.257213
5.3,2.9,-1.277378
5.4,2.9,-1.292014
5.5,2.9,-1.301077
5.6,2.9,-1.3048
5.7,2.9,-1.303213
5.8,2.9,-1.296626
5.9,2.9,-1.285344
6.0,2.9,-1.269924
6.1,2.9,-1.250646
6.2,2.9,-1.227833
6.3,2.9,-1.201777
6.4,2.9,-1.172711
6.5,2.9,-1.140887
6.6,2.9,-1.106645
6.7,2.9,-1.070389
6.8,2.9,-1.032341
6.9,2.9,-0.9930343
7.0,2.9,-0.9526703
7.1,2.9,-0.9114669
7.2,2.9,-0.8692025
7.3,2.9,-0.8257435
    
0.7,2.8,-0.7038476
0.8,2.8,-0.6611203
0.9,2.8,-0.6194243
1.0,2.8,-0.5786089
1.1,2.8,-0.5385172
1.2,2.8,-0.4992397
1.3,2.8,-0.4611824
1.4,2.8,-0.4244197
1.5,2.8,-0.3896093
1.6,2.8,-0.3567052
1.7,2.8,-0.3261081
1.8,2.8,-0.2981443
1.9,2.8,-0.2729549
2.0,2.8,-0.2507396
2.1,2.8,-0.2317897
2.2,2.8,-0.2163559
2.3,2.8,-0.2047103
2.4,2.8,-0.1972929
2.5,2.8,-0.1941145
2.6,2.8,-0.1956555
2.7,2.8,-0.2016485
2.8,2.8,-0.212531
2.9,2.8,-0.2281436
3.0,2.8,-0.2488425
3.1,2.8,-0.2745099
3.2,2.8,-0.3050192
3.3,2.8,-0.3403178
3.4,2.8,-0.3802036
3.5,2.8,-0.4245471
3.6,2.8,-0.4727145
3.7,2.8,-0.5241014
3.8,2.8,-0.5780222
3.9,2.8,-0.633797
4.0,2.8,-0.6907873
4.1,2.8,-0.7484526
4.2,2.8,-0.8061524
4.3,2.8,-0.863431
4.4,2.8,-0.9195012
4.5,2.8,-0.9738056
4.6,2.8,-1.02586
4.7,2.8,-1.075119
4.8,2.8,-1.120892
4.9,2.8,-1.162435
5.0,2.8,-1.199336
5.1,2.8,-1.230733
5.2,2.8,-1.256407
5.3,2.8,-1.276276
5.4,2.8,-1.290575
5.5,2.8,-1.299254
5.6,2.8,-1.30256
5.7,2.8,-1.3005
5.8,2.8,-1.293399
5.9,2.8,-1.281541
6.0,2.8,-1.265519
6.1,2.8,-1.245562
6.2,2.8,-1.222066
6.3,2.8,-1.195287
6.4,2.8,-1.165473
6.5,2.8,-1.132873
6.6,2.8,-1.097832
6.7,2.8,-1.060758
6.8,2.8,-1.021862
6.9,2.8,-0.9817073
7.0,2.8,-0.9404733
7.1,2.8,-0.8984102
7.2,2.8,-0.8552888
7.3,2.8,-0.8109733
    
0.7,2.7,-0.7319303
0.8,2.7,-0.6884705
0.9,2.7,-0.646003
1.0,2.7,-0.6044574
1.1,2.7,-0.5636486
1.2,2.7,-0.5236379
1.3,2.7,-0.4848248
1.4,2.7,-0.4473138
1.5,2.7,-0.4116869
1.6,2.7,-0.3779515
1.7,2.7,-0.3465888
1.8,2.7,-0.3177732
1.9,2.7,-0.2916516
2.0,2.7,-0.268564
2.1,2.7,-0.2486742
2.2,2.7,-0.2323969
2.3,2.7,-0.21989
2.4,2.7,-0.2113619
2.5,2.7,-0.2072437
2.6,2.7,-0.2077257
2.7,2.7,-0.2127437
2.8,2.7,-0.2225328
2.9,2.7,-0.2370518
3.0,2.7,-0.2567748
3.1,2.7,-0.2813839
3.2,2.7,-0.3109736
3.3,2.7,-0.3452805
3.4,2.7,-0.3843158
3.5,2.7,-0.4278077
3.6,2.7,-0.4752373
3.7,2.7,-0.5259409
3.8,2.7,-0.5792377
3.9,2.7,-0.6344417
4.0,2.7,-0.6909287
4.1,2.7,-0.7481159
4.2,2.7,-0.8054426
4.3,2.7,-0.8622879
4.4,2.7,-0.9179976
4.5,2.7,-0.9719397
4.6,2.7,-1.02377
4.7,2.7,-1.072709
4.8,2.7,-1.11831
4.9,2.7,-1.159713
5.0,2.7,-1.196314
5.1,2.7,-1.227559
5.2,2.7,-1.253005
5.3,2.7,-1.272596
5.4,2.7,-1.286583
5.5,2.7,-1.295023
5.6,2.7,-1.297914
5.7,2.7,-1.295391
5.8,2.7,-1.28778
5.9,2.7,-1.275421
6.0,2.7,-1.258819
6.1,2.7,-1.238171
6.2,2.7,-1.214085
6.3,2.7,-1.186596
6.4,2.7,-1.156047
6.5,2.7,-1.122737
6.6,2.7,-1.086893
6.7,2.7,-1.048929
6.8,2.7,-1.009319
6.9,2.7,-0.9682804
7.0,2.7,-0.926194
7.1,2.7,-0.8832773
7.2,2.7,-0.839301
7.3,2.7,-0.7941291
    
0.7,2.6,-0.7565829
0.8,2.6,-0.7124201
0.9,2.6,-0.66924
1.0,2.6,-0.626959
1.1,2.6,-0.5854637
1.2,2.6,-0.5447478
1.3,2.6,-0.5052029
1.4,2.6,-0.4669684
1.5,2.6,-0.4305406
1.6,2.6,-0.3960002
1.7,2.6,-0.3638845
1.8,2.6,-0.3342317
1.9,2.6,-0.3073087
2.0,2.6,-0.2833494
2.1,2.6,-0.2626084
2.2,2.6,-0.2453352
2.3,2.6,-0.2318222
2.4,2.6,-0.2224454
2.5,2.6,-0.217251
2.6,2.6,-0.2166683
2.7,2.6,-0.2207244
2.8,2.6,-0.2294079
2.9,2.6,-0.2429661
3.0,2.6,-0.2615775
3.1,2.6,-0.2851593
3.2,2.6,-0.3137984
3.3,2.6,-0.3471037
3.4,2.6,-0.3852957
3.5,2.6,-0.4279284
3.6,2.6,-0.4746261
3.7,2.6,-0.5246515
3.8,2.6,-0.5773294
3.9,2.6,-0.6319859
4.0,2.6,-0.6879752
4.1,2.6,-0.7446889
4.2,2.6,-0.8015433
4.3,2.6,-0.858114
4.4,2.6,-0.9134993
4.5,2.6,-0.9671613
4.6,2.6,-1.018713
4.7,2.6,-1.067438
4.8,2.6,-1.112817
4.9,2.6,-1.154141
5.0,2.6,-1.19051
5.1,2.6,-1.221662
5.2,2.6,-1.246943
5.3,2.6,-1.266368
5.4,2.6,-1.280031
5.5,2.6,-1.288118
5.6,2.6,-1.290735
5.7,2.6,-1.287865
5.8,2.6,-1.279805
5.9,2.6,-1.266923
6.0,2.6,-1.249768
6.1,2.6,-1.228591
6.2,2.6,-1.203834
6.3,2.6,-1.175717
6.4,2.6,-1.144485
6.5,2.6,-1.110444
6.6,2.6,-1.073837
6.7,2.6,-1.035113
6.8,2.6,-0.9946703
6.9,2.6,-0.9527562
7.0,2.6,-0.9098753
7.1,2.6,-0.8660973
7.2,2.6,-0.8212388
7.3,2.6,-0.7751623
    
0.7,2.5,-0.7776572
0.8,2.5,-0.7328221
0.9,2.5,-0.6889696
1.0,2.5,-0.6460096
1.1,2.5,-0.6038479
1.2,2.5,-0.5624268
1.3,2.5,-0.5221749
1.4,2.5,-0.483242
1.5,2.5,-0.4460293
1.6,2.5,-0.4107783
1.7,2.5,-0.377854
1.8,2.5,-0.3473785
1.9,2.5,-0.3196191
2.0,2.5,-0.2948031
2.1,2.5,-0.2731979
2.2,2.5,-0.2550466
2.3,2.5,-0.2405797
2.4,2.5,-0.2302108
2.5,2.5,-0.2240803
2.6,2.5,-0.2224205
2.7,2.5,-0.225439
2.8,2.5,-0.23302
2.9,2.5,-0.2456111
3.0,2.5,-0.2631028
3.1,2.5,-0.2857522
3.2,2.5,-0.3133426
3.3,2.5,-0.3457412
3.4,2.5,-0.3829922
3.5,2.5,-0.4247637
3.6,2.5,-0.4707356
3.7,2.5,-0.5200906
3.8,2.5,-0.5721597
3.9,2.5,-0.6262888
4.0,2.5,-0.6817932
4.1,2.5,-0.7380843
4.2,2.5,-0.7946037
4.3,2.5,-0.8507677
4.4,2.5,-0.9058803
4.5,2.5,-0.9592958
4.6,2.5,-1.010684
4.7,2.5,-1.059217
4.8,2.5,-1.104426
4.9,2.5,-1.145548
5.0,2.5,-1.181942
5.1,2.5,-1.212963
5.2,2.5,-1.238092
5.3,2.5,-1.257354
5.4,2.5,-1.270867
5.5,2.5,-1.278712
5.6,2.5,-1.28103
5.7,2.5,-1.277808
5.8,2.5,-1.269394
5.9,2.5,-1.256027
6.0,2.5,-1.238411
6.1,2.5,-1.216601
6.2,2.5,-1.191289
6.3,2.5,-1.162528
6.4,2.5,-1.13064
6.5,2.5,-1.09593
6.6,2.5,-1.058618
6.7,2.5,-1.019117
6.8,2.5,-0.9779217
6.9,2.5,-0.9351312
7.0,2.5,-0.8914523
7.1,2.5,-0.8468534
7.2,2.5,-0.8011339
7.3,2.5,-0.7541783
    
0.7,2.4,-0.7953287
0.8,2.4,-0.7498391
0.9,2.4,-0.7053291
1.0,2.4,-0.6617175
1.1,2.4,-0.6189203
1.2,2.4,-0.5768379
1.3,2.4,-0.5358374
1.4,2.4,-0.4962591
1.5,2.4,-0.4582147
1.6,2.4,-0.4223029
1.7,2.4,-0.3885267
1.8,2.4,-0.3572095
1.9,2.4,-0.3286258
2.0,2.4,-0.3030107
2.1,2.4,-0.2805441
2.2,2.4,-0.261527
2.3,2.4,-0.2461674
2.4,2.4,-0.2348958
2.5,2.4,-0.2277167
2.6,2.4,-0.2250598
2.7,2.4,-0.2268991
2.8,2.4,-0.2335599
2.9,2.4,-0.2449988
3.0,2.4,-0.2614531
3.1,2.4,-0.2830686
3.2,2.4,-0.309641
3.3,2.4,-0.3410598
3.4,2.4,-0.3773997
3.5,2.4,-0.4183449
3.6,2.4,-0.4635354
3.7,2.4,-0.5121964
3.8,2.4,-0.5636779
3.9,2.4,-0.61728
4.0,2.4,-0.6722395
4.1,2.4,-0.7281411
4.2,2.4,-0.7842491
4.3,2.4,-0.8401523
4.4,2.4,-0.8950359
4.5,2.4,-0.9482034
4.6,2.4,-0.9993848
4.7,2.4,-1.047781
4.8,2.4,-1.092921
4.9,2.4,-1.134047
5.0,2.4,-1.170293
5.1,2.4,-1.201311
5.2,2.4,-1.226404
5.3,2.4,-1.245577
5.4,2.4,-1.258894
5.5,2.4,-1.266569
5.6,2.4,-1.268679
5.7,2.4,-1.265258
5.8,2.4,-1.256365
5.9,2.4,-1.242672
6.0,2.4,-1.224509
6.1,2.4,-1.202321
6.2,2.4,-1.17637
6.3,2.4,-1.147011
6.4,2.4,-1.114488
6.5,2.4,-1.07909
6.6,2.4,-1.041162
6.7,2.4,-1.000895
6.8,2.4,-0.9588663
6.9,2.4,-0.915345
7.0,2.4,-0.8708764
7.1,2.4,-0.8254485
7.2,2.4,-0.7789242
7.3,2.4,-0.731164
    
0.7,2.3,-0.8099106
0.8,2.3,-0.7637985
0.9,2.3,-0.718665
1.0,2.3,-0.6744294
1.1,2.3,-0.6310083
1.2,2.3,-0.5882851
1.3,2.3,-0.5465802
1.4,2.3,-0.5063417
1.5,2.3,-0.467631
1.6,2.3,-0.4309437
1.7,2.3,-0.3963736
1.8,2.3,-0.3642603
1.9,2.3,-0.3349205
2.0,2.3,-0.3084705
2.1,2.3,-0.2851206
2.2,2.3,-0.265231
2.3,2.3,-0.2489396
2.4,2.3,-0.2366347
2.5,2.3,-0.2285161
2.6,2.3,-0.2246847
2.7,2.3,-0.2255929
2.8,2.3,-0.2310771
2.9,2.3,-0.2414791
3.0,2.3,-0.2568244
3.1,2.3,-0.277417
3.2,2.3,-0.3028878
3.3,2.3,-0.3334024
3.4,2.3,-0.3687171
3.5,2.3,-0.4087959
3.6,2.3,-0.45319
3.7,2.3,-0.5011532
3.8,2.3,-0.5520001
3.9,2.3,-0.6050791
4.0,2.3,-0.659547
4.1,2.3,-0.7150181
4.2,2.3,-0.7708073
4.3,2.3,-0.8263733
4.4,2.3,-0.8809778
4.5,2.3,-0.9340496
4.6,2.3,-0.9849539
4.7,2.3,-1.033298
4.8,2.3,-1.078363
4.9,2.3,-1.119407
5.0,2.3,-1.15574
5.1,2.3,-1.186732
5.2,2.3,-1.211802
5.3,2.3,-1.230934
5.4,2.3,-1.244198
5.5,2.3,-1.251754
5.6,2.3,-1.253687
5.7,2.3,-1.250018
5.8,2.3,-1.240881
5.9,2.3,-1.22681
6.0,2.3,-1.208279
6.1,2.3,-1.185561
6.2,2.3,-1.159153
6.3,2.3,-1.129288
6.4,2.3,-1.096168
6.5,2.3,-1.060151
6.6,2.3,-1.021453
6.7,2.3,-0.9805109
6.8,2.3,-0.9378088
6.9,2.3,-0.8934812
7.0,2.3,-0.8482282
7.1,2.3,-0.8020092
7.2,2.3,-0.7546889
7.3,2.3,-0.7061264
    
0.7,2.2,-0.8216869
0.8,2.2,-0.7749712
0.9,2.2,-0.7292328
1.0,2.2,-0.6843916
1.1,2.2,-0.6403648
1.2,2.2,-0.5970186
1.3,2.2,-0.5546747
1.4,2.2,-0.5137429
1.5,2.2,-0.4743835
1.6,2.2,-0.4369321
1.7,2.2,-0.4015766
1.8,2.2,-0.3687862
1.9,2.2,-0.3386298
2.0,2.2,-0.311343
2.1,2.2,-0.2871353
2.2,2.2,-0.2662885
2.3,2.2,-0.2490507
2.4,2.2,-0.235776
2.5,2.2,-0.2266336
2.6,2.2,-0.2217378
2.7,2.2,-0.2215571
2.8,2.2,-0.2259634
2.9,2.2,-0.2352849
3.0,2.2,-0.2494986
3.1,2.2,-0.2689744
3.2,2.2,-0.2934084
3.3,2.2,-0.3228858
3.4,2.2,-0.3571647
3.5,2.2,-0.3964346
3.6,2.2,-0.4400079
3.7,2.2,-0.4872231
3.8,2.2,-0.5374547
3.9,2.2,-0.5898711
4.0,2.2,-0.6439037
4.1,2.2,-0.6989311
4.2,2.2,-0.7543743
4.3,2.2,-0.8096155
4.4,2.2,-0.8639682
4.5,2.2,-0.9168611
4.6,2.2,-0.9676105
4.7,2.2,-1.015908
4.8,2.2,-1.060925
4.9,2.2,-1.101926
5.0,2.2,-1.138359
5.1,2.2,-1.169298
5.2,2.2,-1.194516
5.3,2.2,-1.213585
5.4,2.2,-1.226808
5.5,2.2,-1.234318
5.6,2.2,-1.23616
5.7,2.2,-1.232356
5.8,2.2,-1.22292
5.9,2.2,-1.208578
6.0,2.2,-1.189655
6.1,2.2,-1.166553
6.2,2.2,-1.139656
6.3,2.2,-1.109287
6.4,2.2,-1.075624
6.5,2.2,-1.039
6.6,2.2,-0.9996646
6.7,2.2,-0.9580499
6.8,2.2,-0.914637
6.9,2.2,-0.8695805
7.0,2.2,-0.8235613
7.1,2.2,-0.7765768
7.2,2.2,-0.7284916
7.3,2.2,-0.679163
    
0.7,2.1,-0.8309208
0.8,2.1,-0.7836177
0.9,2.1,-0.7372903
1.0,2.1,-0.691859
1.1,2.1,-0.6472419
1.2,2.1,-0.6032881
1.3,2.1,-0.5603298
1.4,2.1,-0.5186979
1.5,2.1,-0.4786989
1.6,2.1,-0.4404833
1.7,2.1,-0.404461
1.8,2.1,-0.3708833
1.9,2.1,-0.3399118
2.0,2.1,-0.3117919
2.1,2.1,-0.2867336
2.2,2.1,-0.2649625
2.3,2.1,-0.2468285
2.4,2.1,-0.2324883
2.5,2.1,-0.2223598
2.6,2.1,-0.2164471
2.7,2.1,-0.215116
2.8,2.1,-0.2184186
2.9,2.1,-0.2265847
3.0,2.1,-0.2397756
3.1,2.1,-0.2580071
3.2,2.1,-0.281458
3.3,2.1,-0.3098052
3.4,2.1,-0.3431765
3.5,2.1,-0.3814
3.6,2.1,-0.424143
3.7,2.1,-0.4706152
3.8,2.1,-0.5201654
3.9,2.1,-0.5719968
4.0,2.1,-0.6255398
4.1,2.1,-0.680105
4.2,2.1,-0.7351881
4.3,2.1,-0.7901002
4.4,2.1,-0.8442312
4.5,2.1,-0.8969318
4.6,2.1,-0.947536
4.7,2.1,-0.9957563
4.8,2.1,-1.040745
4.9,2.1,-1.081842
5.0,2.1,-1.118178
5.1,2.1,-1.149293
5.2,2.1,-1.174614
5.3,2.1,-1.193693
5.4,2.1,-1.206977
5.5,2.1,-1.214505
5.6,2.1,-1.216312
5.7,2.1,-1.212317
5.8,2.1,-1.202709
5.9,2.1,-1.188089
6.0,2.1,-1.168869
6.1,2.1,-1.145347
6.2,2.1,-1.118062
6.3,2.1,-1.08719
6.4,2.1,-1.05301
6.5,2.1,-1.01584
6.6,2.1,-0.9760026
6.7,2.1,-0.9337201
6.8,2.1,-0.8895672
6.9,2.1,-0.8438305
7.0,2.1,-0.7970389
7.1,2.1,-0.7493385
7.2,2.1,-0.7005124
7.3,2.1,-0.6503832
    
0.7,2.0,-0.8378389
0.8,2.0,-0.7899624
0.9,2.0,-0.7430596
1.0,2.0,-0.6970519
1.1,2.0,-0.651858
1.2,2.0,-0.60731
1.3,2.0,-0.5637495
1.4,2.0,-0.5214249
1.5,2.0,-0.4807966
1.6,2.0,-0.4418205
1.7,2.0,-0.4051494
1.8,2.0,-0.370777
1.9,2.0,-0.3389909
2.0,2.0,-0.3100376
2.1,2.0,-0.2841276
2.2,2.0,-0.261427
2.3,2.0,-0.2423898
2.4,2.0,-0.227125
2.5,2.0,-0.2158457
2.6,2.0,-0.2089535
2.7,2.0,-0.2064094
2.8,2.0,-0.2086819
2.9,2.0,-0.2156892
3.0,2.0,-0.2276877
3.1,2.0,-0.2448978
3.2,2.0,-0.2671613
3.3,2.0,-0.2944181
3.4,2.0,-0.3267989
3.5,2.0,-0.3640786
3.6,2.0,-0.4058389
3.7,2.0,-0.4515496
3.8,2.0,-0.5003992
3.9,2.0,-0.5516811
4.0,2.0,-0.6046776
4.1,2.0,-0.658766
4.2,2.0,-0.7134623
4.3,2.0,-0.7680244
4.4,2.0,-0.8219192
4.5,2.0,-0.8744328
4.6,2.0,-0.9249351
4.7,2.0,-0.9730976
4.8,2.0,-1.018047
4.9,2.0,-1.059252
5.0,2.0,-1.095663
5.1,2.0,-1.126925
5.2,2.0,-1.152333
5.3,2.0,-1.171511
5.4,2.0,-1.184823
5.5,2.0,-1.19234
5.6,2.0,-1.194105
5.7,2.0,-1.190113
5.8,2.0,-1.180348
5.9,2.0,-1.165575
6.0,2.0,-1.145977
6.1,2.0,-1.122168
6.2,2.0,-1.094496
6.3,2.0,-1.06317
6.4,2.0,-1.028497
6.5,2.0,-0.9907846
6.6,2.0,-0.9503711
6.7,2.0,-0.9074833
6.8,2.0,-0.8626509
6.9,2.0,-0.8162584
7.0,2.0,-0.7687886
7.1,2.0,-0.7203195
7.2,2.0,-0.6707406
7.3,2.0,-0.6199068
    
0.7,1.9,-0.8426162
0.8,1.9,-0.7941786
0.9,1.9,-0.7467126
1.0,1.9,-0.7001403
1.1,1.9,-0.6543814
1.2,1.9,-0.6092701
1.3,1.9,-0.565099
1.4,1.9,-0.5221959
1.5,1.9,-0.4808393
1.6,1.9,-0.4412329
1.7,1.9,-0.4037934
1.8,1.9,-0.3686272
1.9,1.9,-0.3360264
2.0,1.9,-0.3062385
2.1,1.9,-0.2794746
2.2,1.9,-0.2559125
2.3,1.9,-0.2358947
2.4,1.9,-0.2197003
2.5,1.9,-0.207424
2.6,1.9,-0.1993776
2.7,1.9,-0.1957994
2.8,1.9,-0.1968183
2.9,1.9,-0.2027754
3.0,1.9,-0.2135905
3.1,1.9,-0.2295542
3.2,1.9,-0.2507623
3.3,1.9,-0.2769457
3.4,1.9,-0.3081936
3.5,1.9,-0.3445215
3.6,1.9,-0.3853792
3.7,1.9,-0.4302059
3.8,1.9,-0.4783395
3.9,1.9,-0.5290693
4.0,1.9,-0.5815095
4.1,1.9,-0.6351223
4.2,1.9,-0.6894124
4.3,1.9,-0.7436097
4.4,1.9,-0.7972801
4.5,1.9,-0.8496376
4.6,1.9,-0.9000542
4.7,1.9,-0.9480881
4.8,1.9,-0.9930354
4.9,1.9,-1.034235
5.0,1.9,-1.070877
5.1,1.9,-1.102239
5.2,1.9,-1.127743
5.3,1.9,-1.147124
5.4,1.9,-1.160575
5.5,1.9,-1.168192
5.6,1.9,-1.169966
5.7,1.9,-1.165847
5.8,1.9,-1.156028
5.9,1.9,-1.141093
6.0,1.9,-1.121245
6.1,1.9,-1.097147
6.2,1.9,-1.069082
6.3,1.9,-1.037381
6.4,1.9,-1.002295
6.5,1.9,-0.9640876
6.6,1.9,-0.9230651
6.7,1.9,-0.8795928
6.8,1.9,-0.834164
6.9,1.9,-0.7870662
7.0,1.9,-0.7388783
7.1,1.9,-0.6897383
7.2,1.9,-0.6394324
7.3,1.9,-0.5878636
    
0.7,1.8,-0.845418
0.8,1.8,-0.7964304
0.9,1.8,-0.7484119
1.0,1.8,-0.7012856
1.1,1.8,-0.6549721
1.2,1.8,-0.609325
1.3,1.8,-0.5645484
1.4,1.8,-0.5210693
1.5,1.8,-0.4789947
1.6,1.8,-0.4387721
1.7,1.8,-0.4005699
1.8,1.8,-0.3646142
1.9,1.8,-0.3312573
2.0,1.8,-0.3006837
2.1,1.8,-0.2730491
2.2,1.8,-0.2485491
2.3,1.8,-0.2276335
2.4,1.8,-0.2104201
2.5,1.8,-0.197081
2.6,1.8,-0.1879843
2.7,1.8,-0.183247
2.8,1.8,-0.1831726
2.9,1.8,-0.1878525
3.0,1.8,-0.1976073
3.1,1.8,-0.2124191
3.2,1.8,-0.2323899
3.3,1.8,-0.25743
3.4,1.8,-0.2876617
3.5,1.8,-0.322878
3.6,1.8,-0.3628783
3.7,1.8,-0.406852
3.8,1.8,-0.4542427
3.9,1.8,-0.504312
4.0,1.8,-0.5561858
4.1,1.8,-0.6093138
4.2,1.8,-0.6631824
4.3,1.8,-0.7171015
4.4,1.8,-0.7704744
4.5,1.8,-0.8226119
4.6,1.8,-0.8729185
4.7,1.8,-0.9208377
4.8,1.8,-0.9658895
4.9,1.8,-1.007133
5.0,1.8,-1.04396
5.1,1.8,-1.07542
5.2,1.8,-1.101149
5.3,1.8,-1.120741
5.4,1.8,-1.134347
5.5,1.8,-1.142016
5.6,1.8,-1.143799
5.7,1.8,-1.139715
5.8,1.8,-1.129889
5.9,1.8,-1.114755
6.0,1.8,-1.094743
6.1,1.8,-1.070347
6.2,1.8,-1.041981
6.3,1.8,-1.009887
6.4,1.8,-0.9744224
6.5,1.8,-0.9357712
6.6,1.8,-0.8942482
6.7,1.8,-0.8502366
6.8,1.8,-0.8041986
6.9,1.8,-0.7564305
7.0,1.8,-0.7074782
7.1,1.8,-0.6575353
7.2,1.8,-0.6066268
7.3,1.8,-0.5544269
    
0.8,1.7,-0.7968789
0.9,1.7,-0.7483176
1.0,1.7,-0.7006469
1.1,1.7,-0.6537882
1.2,1.7,-0.6076157
1.3,1.7,-0.5622782
1.4,1.7,-0.5181901
1.5,1.7,-0.4753958
1.6,1.7,-0.4345564
1.7,1.7,-0.3955861
1.8,1.7,-0.3589307
1.9,1.7,-0.3248308
2.0,1.7,-0.2934281
2.1,1.7,-0.2649428
2.2,1.7,-0.239556
2.3,1.7,-0.217588
2.4,1.7,-0.1994109
2.5,1.7,-0.1851105
2.6,1.7,-0.1748265
2.7,1.7,-0.1690309
2.8,1.7,-0.1676795
2.9,1.7,-0.1713166
3.0,1.7,-0.1798115
3.1,1.7,-0.1934112
3.2,1.7,-0.2121552
3.3,1.7,-0.2361675
3.4,1.7,-0.2652285
3.5,1.7,-0.2993557
3.6,1.7,-0.338432
3.7,1.7,-0.3815783
3.8,1.7,-0.4281969
3.9,1.7,-0.4775646
4.0,1.7,-0.5288616
4.1,1.7,-0.5814972
4.2,1.7,-0.6349373
4.3,1.7,-0.6884627
4.4,1.7,-0.7416096
4.5,1.7,-0.7935828
4.6,1.7,-0.8437892
4.7,1.7,-0.8916278
4.8,1.7,-0.936712
4.9,1.7,-0.9780783
5.0,1.7,-1.014907
5.1,1.7,-1.046666
5.2,1.7,-1.072686
5.3,1.7,-1.092415
5.4,1.7,-1.106125
5.5,1.7,-1.113923
5.6,1.7,-1.115842
5.7,1.7,-1.111851
5.8,1.7,-1.102019
5.9,1.7,-1.086731
6.0,1.7,-1.066616
6.1,1.7,-1.04193
6.2,1.7,-1.013263
6.3,1.7,-0.9807955
6.4,1.7,-0.9449193
6.5,1.7,-0.9058272
6.6,1.7,-0.8638336
6.7,1.7,-0.8193205
6.8,1.7,-0.7727479
6.9,1.7,-0.7242873
7.0,1.7,-0.6746396
7.1,1.7,-0.6240319
7.2,1.7,-0.5724315
7.3,1.7,-0.5195748
    
0.8,1.6,-0.7957184
0.9,1.6,-0.7465913
1.0,1.6,-0.6983846
1.1,1.6,-0.6509892
1.2,1.6,-0.6043011
1.3,1.6,-0.5584114
1.4,1.6,-0.5137204
1.5,1.6,-0.4703354
1.6,1.6,-0.4287585
1.7,1.6,-0.3890543
1.8,1.6,-0.3517336
1.9,1.6,-0.3168263
2.0,1.6,-0.2845929
2.1,1.6,-0.2552543
2.2,1.6,-0.2290079
2.3,1.6,-0.2061314
2.4,1.6,-0.1868571
2.5,1.6,-0.1715306
2.6,1.6,-0.160253
2.7,1.6,-0.1531887
2.8,1.6,-0.1507743
2.9,1.6,-0.1530675
3.0,1.6,-0.1604281
3.1,1.6,-0.1729537
3.2,1.6,-0.1904768
3.3,1.6,-0.2131563
3.4,1.6,-0.2410805
3.5,1.6,-0.2742067
3.6,1.6,-0.3122246
3.7,1.6,-0.3544297
3.8,1.6,-0.4003063
3.9,1.6,-0.4489659
4.0,1.6,-0.4996792
4.1,1.6,-0.5517949
4.2,1.6,-0.604785
4.3,1.6,-0.6579826
4.4,1.6,-0.7108629
4.5,1.6,-0.7626218
4.6,1.6,-0.8126556
4.7,1.6,-0.8605939
4.8,1.6,-0.9055971
4.9,1.6,-0.9471165
5.0,1.6,-0.9840893
5.1,1.6,-1.016096
5.2,1.6,-1.042316
5.3,1.6,-1.062278
5.4,1.6,-1.076199
5.5,1.6,-1.084171
5.6,1.6,-1.086227
5.7,1.6,-1.08233
5.8,1.6,-1.072462
5.9,1.6,-1.057146
6.0,1.6,-1.036932
6.1,1.6,-1.011999
6.2,1.6,-0.9830487
6.3,1.6,-0.9502955
6.4,1.6,-0.914057
6.5,1.6,-0.8745466
6.6,1.6,-0.8320752
6.7,1.6,-0.7870222
6.8,1.6,-0.7398469
6.9,1.6,-0.6908168
7.0,1.6,-0.6405512
7.1,1.6,-0.5892459
7.2,1.6,-0.536975
7.3,1.6,-0.4834391
    
0.8,1.5,-0.7931795
0.9,1.5,-0.7434952
1.0,1.5,-0.6947723
1.1,1.5,-0.646845
1.2,1.5,-0.599609
1.3,1.5,-0.5531468
1.4,1.5,-0.5078719
1.5,1.5,-0.4638195
1.6,1.5,-0.4216348
1.7,1.5,-0.381234
1.8,1.5,-0.3431309
1.9,1.5,-0.3074654
2.0,1.5,-0.2744273
2.1,1.5,-0.2442419
2.2,1.5,-0.2170761
2.3,1.5,-0.193285
2.4,1.5,-0.173069
2.5,1.5,-0.1565998
2.6,1.5,-0.1442549
2.7,1.5,-0.1361101
2.8,1.5,-0.1324468
2.9,1.5,-0.1335168
3.0,1.5,-0.1396438
3.1,1.5,-0.1508884
3.2,1.5,-0.1672284
3.3,1.5,-0.1888433
3.4,1.5,-0.2155491
3.5,1.5,-0.2474525
3.6,1.5,-0.2845414
3.7,1.5,-0.325844
3.8,1.5,-0.3708316
3.9,1.5,-0.4188107
4.0,1.5,-0.468891
4.1,1.5,-0.5204103
4.2,1.5,-0.5729718
4.3,1.5,-0.6258085
4.4,1.5,-0.6783878
4.5,1.5,-0.7299357
4.6,1.5,-0.7798695
4.7,1.5,-0.8276954
4.8,1.5,-0.8727352
4.9,1.5,-0.9143635
5.0,1.5,-0.9515555
5.1,1.5,-0.9838077
5.2,1.5,-1.01023
5.3,1.5,-1.030487
5.4,1.5,-1.044654
5.5,1.5,-1.052838
5.6,1.5,-1.055066
5.7,1.5,-1.051296
5.8,1.5,-1.041439
5.9,1.5,-1.026109
6.0,1.5,-1.005801
6.1,1.5,-0.9806779
6.2,1.5,-0.9514866
6.3,1.5,-0.9184496
6.4,1.5,-0.8818799
6.5,1.5,-0.8419899
6.6,1.5,-0.7990839
6.7,1.5,-0.7535341
6.8,1.5,-0.7057931
6.9,1.5,-0.6561895
7.0,1.5,-0.6052936
7.1,1.5,-0.5532661
7.2,1.5,-0.5003158
7.3,1.5,-0.4461473
7.4,1.5,-0.3904557
    
0.8,1.4,-0.7894512
0.9,1.4,-0.7392485
1.0,1.4,-0.6899687
1.1,1.4,-0.6415181
1.2,1.4,-0.5937982
1.3,1.4,-0.5467715
1.4,1.4,-0.500818
1.5,1.4,-0.4563146
1.6,1.4,-0.4133334
1.7,1.4,-0.3723452
1.8,1.4,-0.3334175
1.9,1.4,-0.2969548
2.0,1.4,-0.2631386
2.1,1.4,-0.2321192
2.2,1.4,-0.2040247
2.3,1.4,-0.1792864
2.4,1.4,-0.1581217
2.5,1.4,-0.1406792
2.6,1.4,-0.1271314
2.7,1.4,-0.1179172
2.8,1.4,-0.1130373
2.9,1.4,-0.1129429
3.0,1.4,-0.1176911
3.1,1.4,-0.1277486
3.2,1.4,-0.142874
3.3,1.4,-0.1632677
3.4,1.4,-0.1887776
3.5,1.4,-0.2195484
3.6,1.4,-0.2555091
3.7,1.4,-0.2959218
3.8,1.4,-0.3400687
3.9,1.4,-0.3872713
4.0,1.4,-0.4366864
4.1,1.4,-0.4876675
4.2,1.4,-0.5397173
4.3,1.4,-0.5921872
4.4,1.4,-0.6444502
4.5,1.4,-0.6957933
4.6,1.4,-0.7456187
4.7,1.4,-0.7932889
4.8,1.4,-0.8383784
4.9,1.4,-0.8800365
5.0,1.4,-0.9174762
5.1,1.4,-0.9498769
5.2,1.4,-0.9766798
5.3,1.4,-0.9972481
5.4,1.4,-1.011698
5.5,1.4,-1.020109
5.6,1.4,-1.022469
5.7,1.4,-1.018801
5.8,1.4,-1.009066
5.9,1.4,-0.9937724
6.0,1.4,-0.9733328
6.1,1.4,-0.9481122
6.2,1.4,-0.9186794
6.3,1.4,-0.8853871
6.4,1.4,-0.8484817
6.5,1.4,-0.8082217
6.6,1.4,-0.764908
6.7,1.4,-0.7189091
6.8,1.4,-0.670673
6.9,1.4,-0.6204429
7.0,1.4,-0.5688995
7.1,1.4,-0.5162405
7.2,1.4,-0.462629
7.3,1.4,-0.4077951
7.4,1.4,-0.3514863
    
0.8,1.3,-0.7847859
0.9,1.3,-0.7340713
1.0,1.3,-0.6842771
1.1,1.3,-0.6353107
1.2,1.3,-0.5870751
1.3,1.3,-0.5394908
1.4,1.3,-0.4930474
1.5,1.3,-0.4478372
1.6,1.3,-0.4042122
1.7,1.3,-0.3625296
1.8,1.3,-0.3229491
1.9,1.3,-0.2856717
2.0,1.3,-0.2509717
2.1,1.3,-0.2191218
2.2,1.3,-0.1902018
2.3,1.3,-0.1644974
2.4,1.3,-0.1423416
2.5,1.3,-0.1238676
2.6,1.3,-0.1092518
2.7,1.3,-0.09885628
2.8,1.3,-0.09283515
2.9,1.3,-0.091471
3.0,1.3,-0.09496173
3.1,1.3,-0.1037524
3.2,1.3,-0.1176083
3.3,1.3,-0.1367156
3.4,1.3,-0.1610651
3.5,1.3,-0.1906254
3.6,1.3,-0.2254865
3.7,1.3,-0.2649188
3.8,1.3,-0.3081744
3.9,1.3,-0.3545971
4.0,1.3,-0.4033299
4.1,1.3,-0.4537587
4.2,1.3,-0.5052912
4.3,1.3,-0.5573212
4.4,1.3,-0.6092264
4.5,1.3,-0.6603601
4.6,1.3,-0.7100306
4.7,1.3,-0.7575963
4.8,1.3,-0.802735
4.9,1.3,-0.8444894
5.0,1.3,-0.8820774
5.1,1.3,-0.9147692
5.2,1.3,-0.9418887
5.3,1.3,-0.9627485
5.4,1.3,-0.9774356
5.5,1.3,-0.9860283
5.6,1.3,-0.9886059
5.7,1.3,-0.9851352
5.8,1.3,-0.9756328
5.9,1.3,-0.9602929
6.0,1.3,-0.9397624
6.1,1.3,-0.9145291
6.2,1.3,-0.8848446
6.3,1.3,-0.8513485
6.4,1.3,-0.8141204
6.5,1.3,-0.7735083
6.6,1.3,-0.7298093
6.7,1.3,-0.6833872
6.8,1.3,-0.6346118
6.9,1.3,-0.5838161
7.0,1.3,-0.5316171
7.1,1.3,-0.4783451
7.2,1.3,-0.4240762
7.3,1.3,-0.3685776
7.4,1.3,-0.31168
    
0.8,1.2,-0.7794335
0.9,1.2,-0.7282127
1.0,1.2,-0.6779097
1.1,1.2,-0.6284329
1.2,1.2,-0.5796865
1.3,1.2,-0.5315498
1.4,1.2,-0.4845271
1.5,1.2,-0.4387485
1.6,1.2,-0.3944243
1.7,1.2,-0.3521151
1.8,1.2,-0.3117563
1.9,1.2,-0.2737401
2.0,1.2,-0.2383291
2.1,1.2,-0.2056289
2.2,1.2,-0.175835
2.3,1.2,-0.1491817
2.4,1.2,-0.1259368
2.5,1.2,-0.1064164
2.6,1.2,-0.09079214
2.7,1.2,-0.07918138
2.8,1.2,-0.07202319
2.9,1.2,-0.06936859
3.0,1.2,-0.07170116
3.1,1.2,-0.07909209
3.2,1.2,-0.09176097
3.3,1.2,-0.1095533
3.4,1.2,-0.1326425
3.5,1.2,-0.1610943
3.6,1.2,-0.1947689
3.7,1.2,-0.2331306
3.8,1.2,-0.2755062
3.9,1.2,-0.3211084
4.0,1.2,-0.369099
4.1,1.2,-0.4189637
4.2,1.2,-0.469974
4.3,1.2,-0.5215604
4.4,1.2,-0.5731004
4.5,1.2,-0.6239718
4.6,1.2,-0.6734786
4.7,1.2,-0.720962
4.8,1.2,-0.7660728
4.9,1.2,-0.8078957
5.0,1.2,-0.8457096
5.1,1.2,-0.8785846
5.2,1.2,-0.905917
5.3,1.2,-0.927176
5.4,1.2,-0.942122
5.5,1.2,-0.95099
5.6,1.2,-0.9538097
5.7,1.2,-0.9505416
5.8,1.2,-0.9411674
5.9,1.2,-0.9258907
6.0,1.2,-0.905357
6.1,1.2,-0.8800064
6.2,1.2,-0.8501699
6.3,1.2,-0.8164879
6.4,1.2,-0.7789616
6.5,1.2,-0.7380084
6.6,1.2,-0.6939226
6.7,1.2,-0.6470651
6.8,1.2,-0.5977566
6.9,1.2,-0.5464343
7.0,1.2,-0.493635
7.1,1.2,-0.4397396
7.2,1.2,-0.3848371
7.3,1.2,-0.3287078
7.4,1.2,-0.2711987
    
0.8,1.1,-0.7735817
0.9,1.1,-0.7218582
1.0,1.1,-0.6710497
1.1,1.1,-0.6210657
1.2,1.1,-0.5718119
1.3,1.1,-0.5231358
1.4,1.1,-0.4755272
1.5,1.1,-0.4291825
1.6,1.1,-0.3842804
1.7,1.1,-0.3412257
1.8,1.1,-0.3001269
1.9,1.1,-0.2614474
2.0,1.1,-0.2252123
2.1,1.1,-0.1916609
2.2,1.1,-0.1609926
2.3,1.1,-0.1334268
2.4,1.1,-0.1092261
2.5,1.1,-0.08859609
2.6,1.1,-0.07181934
2.7,1.1,-0.059172
2.8,1.1,-0.05070163
2.9,1.1,-0.04695829
3.0,1.1,-0.04791622
3.1,1.1,-0.05409037
3.2,1.1,-0.06537699
3.3,1.1,-0.0819796
3.4,1.1,-0.1038266
3.5,1.1,-0.1309732
3.6,1.1,-0.1635402
3.7,1.1,-0.2008801
3.8,1.1,-0.242294
3.9,1.1,-0.2870621
4.0,1.1,-0.3343114
4.1,1.1,-0.3835457
4.2,1.1,-0.4340119
4.3,1.1,-0.4851202
4.4,1.1,-0.5362684
4.5,1.1,-0.5868593
4.6,1.1,-0.636196
4.7,1.1,-0.6836053
4.8,1.1,-0.7286158
4.9,1.1,-0.7704994
5.0,1.1,-0.8085189
5.1,1.1,-0.8415707
5.2,1.1,-0.8692387
5.3,1.1,-0.8907811
5.4,1.1,-0.9060676
5.5,1.1,-0.9152505
5.6,1.1,-0.9183523
5.7,1.1,-0.9153027
5.8,1.1,-0.9059809
5.9,1.1,-0.8908008
6.0,1.1,-0.8702842
6.1,1.1,-0.8448231
6.2,1.1,-0.8148649
6.3,1.1,-0.7809563
6.4,1.1,-0.7431952
6.5,1.1,-0.7019353
6.6,1.1,-0.6574894
6.7,1.1,-0.6102108
6.8,1.1,-0.5604453
6.9,1.1,-0.5085676
7.0,1.1,-0.4551902
7.1,1.1,-0.400668
7.2,1.1,-0.3451213
7.3,1.1,-0.2883396
7.4,1.1,-0.2301727
    
0.8,1.0,-0.7671945
0.9,1.0,-0.7149705
1.0,1.0,-0.6636586
1.1,1.0,-0.6131695
1.2,1.0,-0.5634102
1.3,1.0,-0.5142399
1.4,1.0,-0.466016
1.5,1.0,-0.4191015
1.6,1.0,-0.3735645
1.7,1.0,-0.3298669
1.8,1.0,-0.2881099
1.9,1.0,-0.2485493
2.0,1.0,-0.2115704
2.1,1.0,-0.177215
2.2,1.0,-0.1456911
2.3,1.0,-0.1171415
2.4,1.0,-0.09195205
2.5,1.0,-0.07029435
2.6,1.0,-0.05237712
2.7,1.0,-0.03848981
2.8,1.0,-0.02897034
2.9,1.0,-0.02389648
3.0,1.0,-0.02374571
3.1,1.0,-0.02863994
3.2,1.0,-0.03866244
3.3,1.0,-0.05401708
3.4,1.0,-0.07457351
3.5,1.0,-0.1004528
3.6,1.0,-0.1319174
3.7,1.0,-0.1680728
3.8,1.0,-0.2085779
3.9,1.0,-0.2525023
4.0,1.0,-0.2990283
4.1,1.0,-0.3475864
4.2,1.0,-0.3975106
4.3,1.0,-0.4481396
4.4,1.0,-0.4988949
4.5,1.0,-0.5492095
4.6,1.0,-0.5983049
4.7,1.0,-0.6456144
4.8,1.0,-0.6905413
4.9,1.0,-0.7325353
5.0,1.0,-0.7706831
5.1,1.0,-0.8040237
5.2,1.0,-0.8320201
5.3,1.0,-0.853882
5.4,1.0,-0.8694763
5.5,1.0,-0.8789352
5.6,1.0,-0.8822268
5.7,1.0,-0.8793855
5.8,1.0,-0.8702999
5.9,1.0,-0.8552825
6.0,1.0,-0.8347367
6.1,1.0,-0.809183
6.2,1.0,-0.7791187
6.3,1.0,-0.7449356
6.4,1.0,-0.7070134
6.5,1.0,-0.6654891
6.6,1.0,-0.6206686
6.7,1.0,-0.5729331
6.8,1.0,-0.5226206
6.9,1.0,-0.4702877
7.0,1.0,-0.416305
7.1,1.0,-0.3611848
7.2,1.0,-0.3050332
7.3,1.0,-0.2476636
7.4,1.0,-0.1889232
    
0.8,0.9,-0.7601858
0.9,0.9,-0.7074638
1.0,0.9,-0.6556508
1.1,0.9,-0.6046589
1.2,0.9,-0.5543964
1.3,0.9,-0.5047357
1.4,0.9,-0.4559757
1.5,0.9,-0.4084775
1.6,0.9,-0.3622638
1.7,0.9,-0.3179358
1.8,0.9,-0.2754071
1.9,0.9,-0.2352267
2.0,0.9,-0.197428
2.1,0.9,-0.1622249
2.2,0.9,-0.1298265
2.3,0.9,-0.1003861
2.4,0.9,-0.07416751
2.5,0.9,-0.05147386
2.6,0.9,-0.03254862
2.7,0.9,-0.01754079
2.8,0.9,-0.006777162
2.9,0.9,-0.0005420185
3.0,0.9,0.0009278129
3.1,0.9,-0.002740368
3.2,0.9,-0.01146399
3.3,0.9,-0.02545569
3.4,0.9,-0.04475438
3.5,0.9,-0.06944064
3.6,0.9,-0.09964801
3.7,0.9,-0.1348516
3.8,0.9,-0.1743313
3.9,0.9,-0.2173782
4.0,0.9,-0.2631837
4.1,0.9,-0.3110623
4.2,0.9,-0.3603958
4.3,0.9,-0.4105761
4.4,0.9,-0.4608796
4.5,0.9,-0.5109371
4.6,0.9,-0.5598479
4.7,0.9,-0.6069743
4.8,0.9,-0.6518912
4.9,0.9,-0.6940146
5.0,0.9,-0.7322142
5.1,0.9,-0.7658891
5.2,0.9,-0.7940882
5.3,0.9,-0.8163866
5.4,0.9,-0.8322734
5.5,0.9,-0.8419795
5.6,0.9,-0.8455574
5.7,0.9,-0.8429677
5.8,0.9,-0.8341345
5.9,0.9,-0.8192382
6.0,0.9,-0.7986896
6.1,0.9,-0.7731143
6.2,0.9,-0.7429187
6.3,0.9,-0.7085486
6.4,0.9,-0.6703829
6.5,0.9,-0.6286051
6.6,0.9,-0.583482
6.7,0.9,-0.5353451
6.8,0.9,-0.4846065
6.9,0.9,-0.4317729
7.0,0.9,-0.3771859
7.1,0.9,-0.3214849
7.2,0.9,-0.2647024
7.3,0.9,-0.2066636
7.4,0.9,-0.1472349
    
0.8,0.8,-0.752469
0.9,0.8,-0.6992514
1.0,0.8,-0.64694
1.1,0.8,-0.5954478
1.2,0.8,-0.5446845
1.3,0.8,-0.4945373
1.4,0.8,-0.4452453
1.5,0.8,-0.3970928
1.6,0.8,-0.3504031
1.7,0.8,-0.3053346
1.8,0.8,-0.2622064
1.9,0.8,-0.2211411
2.0,0.8,-0.1826128
2.1,0.8,-0.1466147
2.2,0.8,-0.1133602
2.3,0.8,-0.08296852
2.4,0.8,-0.0557856
2.5,0.8,-0.03211102
2.6,0.8,-0.01210667
2.7,0.8,0.004027846
2.8,0.8,0.01597495
2.9,0.8,0.02345385
3.0,0.8,0.0261319
3.1,0.8,0.02388715
3.2,0.8,0.0163986
3.3,0.8,0.003731435
3.4,0.8,-0.01428635
3.5,0.8,-0.03784258
3.6,0.8,-0.06682209
3.7,0.8,-0.1008455
3.8,0.8,-0.1393562
3.9,0.8,-0.1815403
4.0,0.8,-0.2266022
4.1,0.8,-0.2737739
4.2,0.8,-0.3225363
4.3,0.8,-0.3722316
4.4,0.8,-0.422226
4.5,0.8,-0.4719052
4.6,0.8,-0.5206273
4.7,0.8,-0.5676144
4.8,0.8,-0.6125448
4.9,0.8,-0.6546385
5.0,0.8,-0.6930975
5.1,0.8,-0.726901
5.2,0.8,-0.7554827
5.3,0.8,-0.7781278
5.4,0.8,-0.7943008
5.5,0.8,-0.8043429
5.6,0.8,-0.8082294
5.7,0.8,-0.8059193
5.8,0.8,-0.797367
5.9,0.8,-0.7825142
6.0,0.8,-0.7620802
6.1,0.8,-0.7365534
6.2,0.8,-0.7061864
6.3,0.8,-0.6716818
6.4,0.8,-0.6332699
6.5,0.8,-0.5912075
6.6,0.8,-0.5457579
6.7,0.8,-0.4972494
6.8,0.8,-0.4460898
6.9,0.8,-0.3927812
7.0,0.8,-0.3376113
7.1,0.8,-0.2812985
7.2,0.8,-0.2239273
7.3,0.8,-0.1652735
7.4,0.8,-0.1052308
